4 9
4 11
4 13
4 15
4 8
4 10
4 12
4 14
4 7
4 16
9 10
9 12
9 14
9 11
9 13
9 15
3 13
3 6
3 15
3 8
3 10
3 12
3 5
3 14
3 7
3 9
3 11
3 4
13 16
5 10
5 12
5 14
5 7
5 16
5 9
5 13
5 15
5 8
10 15
10 14
10 16
0 5
0 7
0 16
0 9
0 2
0 11
0 4
0 13
0 6
0 15
0 8
0 1
0 10
0 3
0 12
11 14
11 16
11 13
11 15
14 16
2 11
2 4
2 13
2 6
2 15
2 8
2 10
2 12
2 5
2 14
2 7
2 16
2 9
1 15
1 8
1 10
1 12
1 5
1 14
1 7
1 16
1 9
1 11
1 4
1 13
1 6
15 16
6 11
6 13
6 15
6 8
6 10
6 12
6 14
6 7
6 16
6 9
7 10
7 12
7 14
7 16
7 11
7 13
7 15
12 13
12 15
12 14
12 16
8 11
8 13
8 15
8 10
8 12
8 14
8 16
