0 1
0 2
0 3
0 4
0 5
0 6
0 7
0 8
0 9
0 10
0 11
0 12
0 13
0 14
0 15
0 16
0 17
0 18
0 19
0 20
0 21
0 22
0 23
0 24
0 25
1 26
1 27
1 28
1 29
1 30
1 31
1 32
1 33
1 34
1 35
1 36
1 37
1 38
1 39
1 40
1 41
1 42
1 43
1 44
1 45
1 46
1 47
1 48
1 49
1 50
2 26
2 27
2 28
2 29
2 30
2 31
2 32
2 33
2 34
2 35
2 36
2 37
2 38
2 39
2 40
2 41
2 42
2 43
2 44
2 45
2 46
2 47
2 48
2 49
2 50
3 26
3 27
3 28
3 29
3 30
3 31
3 32
3 33
3 34
3 35
3 36
3 37
3 38
3 39
3 40
3 41
3 42
3 43
3 44
3 45
3 46
3 47
3 48
3 49
3 50
4 26
4 27
4 28
4 29
4 30
4 31
4 32
4 33
4 34
4 35
4 36
4 37
4 38
4 39
4 40
4 41
4 42
4 43
4 44
4 45
4 46
4 47
4 48
4 49
4 50
5 26
5 27
5 28
5 29
5 30
5 31
5 32
5 33
5 34
5 35
5 36
5 37
5 38
5 39
5 40
5 41
5 42
5 43
5 44
5 45
5 46
5 47
5 48
5 49
5 50
6 26
6 27
6 28
6 29
6 30
6 31
6 32
6 33
6 34
6 35
6 36
6 37
6 38
6 39
6 40
6 41
6 42
6 43
6 44
6 45
6 46
6 47
6 48
6 49
6 50
7 26
7 27
7 28
7 29
7 30
7 31
7 32
7 33
7 34
7 35
7 36
7 37
7 38
7 39
7 40
7 41
7 42
7 43
7 44
7 45
7 46
7 47
7 48
7 49
7 50
8 26
8 27
8 28
8 29
8 30
8 31
8 32
8 33
8 34
8 35
8 36
8 37
8 38
8 39
8 40
8 41
8 42
8 43
8 44
8 45
8 46
8 47
8 48
8 49
8 50
9 26
9 27
9 28
9 29
9 30
9 31
9 32
9 33
9 34
9 35
9 36
9 37
9 38
9 39
9 40
9 41
9 42
9 43
9 44
9 45
9 46
9 47
9 48
9 49
9 50
10 26
10 27
10 28
10 29
10 30
10 31
10 32
10 33
10 34
10 35
10 36
10 37
10 38
10 39
10 40
10 41
10 42
10 43
10 44
10 45
10 46
10 47
10 48
10 49
10 50
11 26
11 27
11 28
11 29
11 30
11 31
11 32
11 33
11 34
11 35
11 36
11 37
11 38
11 39
11 40
11 41
11 42
11 43
11 44
11 45
11 46
11 47
11 48
11 49
11 50
12 26
12 27
12 28
12 29
12 30
12 31
12 32
12 33
12 34
12 35
12 36
12 37
12 38
12 39
12 40
12 41
12 42
12 43
12 44
12 45
12 46
12 47
12 48
12 49
12 50
13 26
13 27
13 28
13 29
13 30
13 31
13 32
13 33
13 34
13 35
13 36
13 37
13 38
13 39
13 40
13 41
13 42
13 43
13 44
13 45
13 46
13 47
13 48
13 49
13 50
14 26
14 27
14 28
14 29
14 30
14 31
14 32
14 33
14 34
14 35
14 36
14 37
14 38
14 39
14 40
14 41
14 42
14 43
14 44
14 45
14 46
14 47
14 48
14 49
14 50
15 26
15 27
15 28
15 29
15 30
15 31
15 32
15 33
15 34
15 35
15 36
15 37
15 38
15 39
15 40
15 41
15 42
15 43
15 44
15 45
15 46
15 47
15 48
15 49
15 50
16 26
16 27
16 28
16 29
16 30
16 31
16 32
16 33
16 34
16 35
16 36
16 37
16 38
16 39
16 40
16 41
16 42
16 43
16 44
16 45
16 46
16 47
16 48
16 49
16 50
17 26
17 27
17 28
17 29
17 30
17 31
17 32
17 33
17 34
17 35
17 36
17 37
17 38
17 39
17 40
17 41
17 42
17 43
17 44
17 45
17 46
17 47
17 48
17 49
17 50
18 26
18 27
18 28
18 29
18 30
18 31
18 32
18 33
18 34
18 35
18 36
18 37
18 38
18 39
18 40
18 41
18 42
18 43
18 44
18 45
18 46
18 47
18 48
18 49
18 50
19 26
19 27
19 28
19 29
19 30
19 31
19 32
19 33
19 34
19 35
19 36
19 37
19 38
19 39
19 40
19 41
19 42
19 43
19 44
19 45
19 46
19 47
19 48
19 49
19 50
20 26
20 27
20 28
20 29
20 30
20 31
20 32
20 33
20 34
20 35
20 36
20 37
20 38
20 39
20 40
20 41
20 42
20 43
20 44
20 45
20 46
20 47
20 48
20 49
20 50
21 26
21 27
21 28
21 29
21 30
21 31
21 32
21 33
21 34
21 35
21 36
21 37
21 38
21 39
21 40
21 41
21 42
21 43
21 44
21 45
21 46
21 47
21 48
21 49
21 50
22 26
22 27
22 28
22 29
22 30
22 31
22 32
22 33
22 34
22 35
22 36
22 37
22 38
22 39
22 40
22 41
22 42
22 43
22 44
22 45
22 46
22 47
22 48
22 49
22 50
23 26
23 27
23 28
23 29
23 30
23 31
23 32
23 33
23 34
23 35
23 36
23 37
23 38
23 39
23 40
23 41
23 42
23 43
23 44
23 45
23 46
23 47
23 48
23 49
23 50
24 26
24 27
24 28
24 29
24 30
24 31
24 32
24 33
24 34
24 35
24 36
24 37
24 38
24 39
24 40
24 41
24 42
24 43
24 44
24 45
24 46
24 47
24 48
24 49
24 50
25 26
25 27
25 28
25 29
25 30
25 31
25 32
25 33
25 34
25 35
25 36
25 37
25 38
25 39
25 40
25 41
25 42
25 43
25 44
25 45
25 46
25 47
25 48
25 49
25 50
26 51
26 52
26 53
26 54
26 55
26 56
26 57
26 58
26 59
26 60
26 61
26 62
26 63
26 64
26 65
26 66
26 67
26 68
26 69
26 70
26 71
26 72
26 73
26 74
26 75
27 51
27 52
27 53
27 54
27 55
27 56
27 57
27 58
27 59
27 60
27 61
27 62
27 63
27 64
27 65
27 66
27 67
27 68
27 69
27 70
27 71
27 72
27 73
27 74
27 75
28 51
28 52
28 53
28 54
28 55
28 56
28 57
28 58
28 59
28 60
28 61
28 62
28 63
28 64
28 65
28 66
28 67
28 68
28 69
28 70
28 71
28 72
28 73
28 74
28 75
29 51
29 52
29 53
29 54
29 55
29 56
29 57
29 58
29 59
29 60
29 61
29 62
29 63
29 64
29 65
29 66
29 67
29 68
29 69
29 70
29 71
29 72
29 73
29 74
29 75
30 51
30 52
30 53
30 54
30 55
30 56
30 57
30 58
30 59
30 60
30 61
30 62
30 63
30 64
30 65
30 66
30 67
30 68
30 69
30 70
30 71
30 72
30 73
30 74
30 75
31 51
31 52
31 53
31 54
31 55
31 56
31 57
31 58
31 59
31 60
31 61
31 62
31 63
31 64
31 65
31 66
31 67
31 68
31 69
31 70
31 71
31 72
31 73
31 74
31 75
32 51
32 52
32 53
32 54
32 55
32 56
32 57
32 58
32 59
32 60
32 61
32 62
32 63
32 64
32 65
32 66
32 67
32 68
32 69
32 70
32 71
32 72
32 73
32 74
32 75
33 51
33 52
33 53
33 54
33 55
33 56
33 57
33 58
33 59
33 60
33 61
33 62
33 63
33 64
33 65
33 66
33 67
33 68
33 69
33 70
33 71
33 72
33 73
33 74
33 75
34 51
34 52
34 53
34 54
34 55
34 56
34 57
34 58
34 59
34 60
34 61
34 62
34 63
34 64
34 65
34 66
34 67
34 68
34 69
34 70
34 71
34 72
34 73
34 74
34 75
35 51
35 52
35 53
35 54
35 55
35 56
35 57
35 58
35 59
35 60
35 61
35 62
35 63
35 64
35 65
35 66
35 67
35 68
35 69
35 70
35 71
35 72
35 73
35 74
35 75
36 51
36 52
36 53
36 54
36 55
36 56
36 57
36 58
36 59
36 60
36 61
36 62
36 63
36 64
36 65
36 66
36 67
36 68
36 69
36 70
36 71
36 72
36 73
36 74
36 75
37 51
37 52
37 53
37 54
37 55
37 56
37 57
37 58
37 59
37 60
37 61
37 62
37 63
37 64
37 65
37 66
37 67
37 68
37 69
37 70
37 71
37 72
37 73
37 74
37 75
38 51
38 52
38 53
38 54
38 55
38 56
38 57
38 58
38 59
38 60
38 61
38 62
38 63
38 64
38 65
38 66
38 67
38 68
38 69
38 70
38 71
38 72
38 73
38 74
38 75
39 51
39 52
39 53
39 54
39 55
39 56
39 57
39 58
39 59
39 60
39 61
39 62
39 63
39 64
39 65
39 66
39 67
39 68
39 69
39 70
39 71
39 72
39 73
39 74
39 75
40 51
40 52
40 53
40 54
40 55
40 56
40 57
40 58
40 59
40 60
40 61
40 62
40 63
40 64
40 65
40 66
40 67
40 68
40 69
40 70
40 71
40 72
40 73
40 74
40 75
41 51
41 52
41 53
41 54
41 55
41 56
41 57
41 58
41 59
41 60
41 61
41 62
41 63
41 64
41 65
41 66
41 67
41 68
41 69
41 70
41 71
41 72
41 73
41 74
41 75
42 51
42 52
42 53
42 54
42 55
42 56
42 57
42 58
42 59
42 60
42 61
42 62
42 63
42 64
42 65
42 66
42 67
42 68
42 69
42 70
42 71
42 72
42 73
42 74
42 75
43 51
43 52
43 53
43 54
43 55
43 56
43 57
43 58
43 59
43 60
43 61
43 62
43 63
43 64
43 65
43 66
43 67
43 68
43 69
43 70
43 71
43 72
43 73
43 74
43 75
44 51
44 52
44 53
44 54
44 55
44 56
44 57
44 58
44 59
44 60
44 61
44 62
44 63
44 64
44 65
44 66
44 67
44 68
44 69
44 70
44 71
44 72
44 73
44 74
44 75
45 51
45 52
45 53
45 54
45 55
45 56
45 57
45 58
45 59
45 60
45 61
45 62
45 63
45 64
45 65
45 66
45 67
45 68
45 69
45 70
45 71
45 72
45 73
45 74
45 75
46 51
46 52
46 53
46 54
46 55
46 56
46 57
46 58
46 59
46 60
46 61
46 62
46 63
46 64
46 65
46 66
46 67
46 68
46 69
46 70
46 71
46 72
46 73
46 74
46 75
47 51
47 52
47 53
47 54
47 55
47 56
47 57
47 58
47 59
47 60
47 61
47 62
47 63
47 64
47 65
47 66
47 67
47 68
47 69
47 70
47 71
47 72
47 73
47 74
47 75
48 51
48 52
48 53
48 54
48 55
48 56
48 57
48 58
48 59
48 60
48 61
48 62
48 63
48 64
48 65
48 66
48 67
48 68
48 69
48 70
48 71
48 72
48 73
48 74
48 75
49 51
49 52
49 53
49 54
49 55
49 56
49 57
49 58
49 59
49 60
49 61
49 62
49 63
49 64
49 65
49 66
49 67
49 68
49 69
49 70
49 71
49 72
49 73
49 74
49 75
50 51
50 52
50 53
50 54
50 55
50 56
50 57
50 58
50 59
50 60
50 61
50 62
50 63
50 64
50 65
50 66
50 67
50 68
50 69
50 70
50 71
50 72
50 73
50 74
50 75
51 76
51 77
51 78
51 79
51 80
51 81
51 82
51 83
51 84
51 85
51 86
51 87
51 88
51 89
51 90
51 91
51 92
51 93
51 94
51 95
51 96
51 97
51 98
51 99
51 100
52 76
52 77
52 78
52 79
52 80
52 81
52 82
52 83
52 84
52 85
52 86
52 87
52 88
52 89
52 90
52 91
52 92
52 93
52 94
52 95
52 96
52 97
52 98
52 99
52 100
53 76
53 77
53 78
53 79
53 80
53 81
53 82
53 83
53 84
53 85
53 86
53 87
53 88
53 89
53 90
53 91
53 92
53 93
53 94
53 95
53 96
53 97
53 98
53 99
53 100
54 76
54 77
54 78
54 79
54 80
54 81
54 82
54 83
54 84
54 85
54 86
54 87
54 88
54 89
54 90
54 91
54 92
54 93
54 94
54 95
54 96
54 97
54 98
54 99
54 100
55 76
55 77
55 78
55 79
55 80
55 81
55 82
55 83
55 84
55 85
55 86
55 87
55 88
55 89
55 90
55 91
55 92
55 93
55 94
55 95
55 96
55 97
55 98
55 99
55 100
56 76
56 77
56 78
56 79
56 80
56 81
56 82
56 83
56 84
56 85
56 86
56 87
56 88
56 89
56 90
56 91
56 92
56 93
56 94
56 95
56 96
56 97
56 98
56 99
56 100
57 76
57 77
57 78
57 79
57 80
57 81
57 82
57 83
57 84
57 85
57 86
57 87
57 88
57 89
57 90
57 91
57 92
57 93
57 94
57 95
57 96
57 97
57 98
57 99
57 100
58 76
58 77
58 78
58 79
58 80
58 81
58 82
58 83
58 84
58 85
58 86
58 87
58 88
58 89
58 90
58 91
58 92
58 93
58 94
58 95
58 96
58 97
58 98
58 99
58 100
59 76
59 77
59 78
59 79
59 80
59 81
59 82
59 83
59 84
59 85
59 86
59 87
59 88
59 89
59 90
59 91
59 92
59 93
59 94
59 95
59 96
59 97
59 98
59 99
59 100
60 76
60 77
60 78
60 79
60 80
60 81
60 82
60 83
60 84
60 85
60 86
60 87
60 88
60 89
60 90
60 91
60 92
60 93
60 94
60 95
60 96
60 97
60 98
60 99
60 100
61 76
61 77
61 78
61 79
61 80
61 81
61 82
61 83
61 84
61 85
61 86
61 87
61 88
61 89
61 90
61 91
61 92
61 93
61 94
61 95
61 96
61 97
61 98
61 99
61 100
62 76
62 77
62 78
62 79
62 80
62 81
62 82
62 83
62 84
62 85
62 86
62 87
62 88
62 89
62 90
62 91
62 92
62 93
62 94
62 95
62 96
62 97
62 98
62 99
62 100
63 76
63 77
63 78
63 79
63 80
63 81
63 82
63 83
63 84
63 85
63 86
63 87
63 88
63 89
63 90
63 91
63 92
63 93
63 94
63 95
63 96
63 97
63 98
63 99
63 100
64 76
64 77
64 78
64 79
64 80
64 81
64 82
64 83
64 84
64 85
64 86
64 87
64 88
64 89
64 90
64 91
64 92
64 93
64 94
64 95
64 96
64 97
64 98
64 99
64 100
65 76
65 77
65 78
65 79
65 80
65 81
65 82
65 83
65 84
65 85
65 86
65 87
65 88
65 89
65 90
65 91
65 92
65 93
65 94
65 95
65 96
65 97
65 98
65 99
65 100
66 76
66 77
66 78
66 79
66 80
66 81
66 82
66 83
66 84
66 85
66 86
66 87
66 88
66 89
66 90
66 91
66 92
66 93
66 94
66 95
66 96
66 97
66 98
66 99
66 100
67 76
67 77
67 78
67 79
67 80
67 81
67 82
67 83
67 84
67 85
67 86
67 87
67 88
67 89
67 90
67 91
67 92
67 93
67 94
67 95
67 96
67 97
67 98
67 99
67 100
68 76
68 77
68 78
68 79
68 80
68 81
68 82
68 83
68 84
68 85
68 86
68 87
68 88
68 89
68 90
68 91
68 92
68 93
68 94
68 95
68 96
68 97
68 98
68 99
68 100
69 76
69 77
69 78
69 79
69 80
69 81
69 82
69 83
69 84
69 85
69 86
69 87
69 88
69 89
69 90
69 91
69 92
69 93
69 94
69 95
69 96
69 97
69 98
69 99
69 100
70 76
70 77
70 78
70 79
70 80
70 81
70 82
70 83
70 84
70 85
70 86
70 87
70 88
70 89
70 90
70 91
70 92
70 93
70 94
70 95
70 96
70 97
70 98
70 99
70 100
71 76
71 77
71 78
71 79
71 80
71 81
71 82
71 83
71 84
71 85
71 86
71 87
71 88
71 89
71 90
71 91
71 92
71 93
71 94
71 95
71 96
71 97
71 98
71 99
71 100
72 76
72 77
72 78
72 79
72 80
72 81
72 82
72 83
72 84
72 85
72 86
72 87
72 88
72 89
72 90
72 91
72 92
72 93
72 94
72 95
72 96
72 97
72 98
72 99
72 100
73 76
73 77
73 78
73 79
73 80
73 81
73 82
73 83
73 84
73 85
73 86
73 87
73 88
73 89
73 90
73 91
73 92
73 93
73 94
73 95
73 96
73 97
73 98
73 99
73 100
74 76
74 77
74 78
74 79
74 80
74 81
74 82
74 83
74 84
74 85
74 86
74 87
74 88
74 89
74 90
74 91
74 92
74 93
74 94
74 95
74 96
74 97
74 98
74 99
74 100
75 76
75 77
75 78
75 79
75 80
75 81
75 82
75 83
75 84
75 85
75 86
75 87
75 88
75 89
75 90
75 91
75 92
75 93
75 94
75 95
75 96
75 97
75 98
75 99
75 100
76 101
76 102
76 103
76 104
76 105
76 106
76 107
76 108
76 109
76 110
76 111
76 112
76 113
76 114
76 115
76 116
76 117
76 118
76 119
76 120
76 121
76 122
76 123
76 124
76 125
77 101
77 102
77 103
77 104
77 105
77 106
77 107
77 108
77 109
77 110
77 111
77 112
77 113
77 114
77 115
77 116
77 117
77 118
77 119
77 120
77 121
77 122
77 123
77 124
77 125
78 101
78 102
78 103
78 104
78 105
78 106
78 107
78 108
78 109
78 110
78 111
78 112
78 113
78 114
78 115
78 116
78 117
78 118
78 119
78 120
78 121
78 122
78 123
78 124
78 125
79 101
79 102
79 103
79 104
79 105
79 106
79 107
79 108
79 109
79 110
79 111
79 112
79 113
79 114
79 115
79 116
79 117
79 118
79 119
79 120
79 121
79 122
79 123
79 124
79 125
80 101
80 102
80 103
80 104
80 105
80 106
80 107
80 108
80 109
80 110
80 111
80 112
80 113
80 114
80 115
80 116
80 117
80 118
80 119
80 120
80 121
80 122
80 123
80 124
80 125
81 101
81 102
81 103
81 104
81 105
81 106
81 107
81 108
81 109
81 110
81 111
81 112
81 113
81 114
81 115
81 116
81 117
81 118
81 119
81 120
81 121
81 122
81 123
81 124
81 125
82 101
82 102
82 103
82 104
82 105
82 106
82 107
82 108
82 109
82 110
82 111
82 112
82 113
82 114
82 115
82 116
82 117
82 118
82 119
82 120
82 121
82 122
82 123
82 124
82 125
83 101
83 102
83 103
83 104
83 105
83 106
83 107
83 108
83 109
83 110
83 111
83 112
83 113
83 114
83 115
83 116
83 117
83 118
83 119
83 120
83 121
83 122
83 123
83 124
83 125
84 101
84 102
84 103
84 104
84 105
84 106
84 107
84 108
84 109
84 110
84 111
84 112
84 113
84 114
84 115
84 116
84 117
84 118
84 119
84 120
84 121
84 122
84 123
84 124
84 125
85 101
85 102
85 103
85 104
85 105
85 106
85 107
85 108
85 109
85 110
85 111
85 112
85 113
85 114
85 115
85 116
85 117
85 118
85 119
85 120
85 121
85 122
85 123
85 124
85 125
86 101
86 102
86 103
86 104
86 105
86 106
86 107
86 108
86 109
86 110
86 111
86 112
86 113
86 114
86 115
86 116
86 117
86 118
86 119
86 120
86 121
86 122
86 123
86 124
86 125
87 101
87 102
87 103
87 104
87 105
87 106
87 107
87 108
87 109
87 110
87 111
87 112
87 113
87 114
87 115
87 116
87 117
87 118
87 119
87 120
87 121
87 122
87 123
87 124
87 125
88 101
88 102
88 103
88 104
88 105
88 106
88 107
88 108
88 109
88 110
88 111
88 112
88 113
88 114
88 115
88 116
88 117
88 118
88 119
88 120
88 121
88 122
88 123
88 124
88 125
89 101
89 102
89 103
89 104
89 105
89 106
89 107
89 108
89 109
89 110
89 111
89 112
89 113
89 114
89 115
89 116
89 117
89 118
89 119
89 120
89 121
89 122
89 123
89 124
89 125
90 101
90 102
90 103
90 104
90 105
90 106
90 107
90 108
90 109
90 110
90 111
90 112
90 113
90 114
90 115
90 116
90 117
90 118
90 119
90 120
90 121
90 122
90 123
90 124
90 125
91 101
91 102
91 103
91 104
91 105
91 106
91 107
91 108
91 109
91 110
91 111
91 112
91 113
91 114
91 115
91 116
91 117
91 118
91 119
91 120
91 121
91 122
91 123
91 124
91 125
92 101
92 102
92 103
92 104
92 105
92 106
92 107
92 108
92 109
92 110
92 111
92 112
92 113
92 114
92 115
92 116
92 117
92 118
92 119
92 120
92 121
92 122
92 123
92 124
92 125
93 101
93 102
93 103
93 104
93 105
93 106
93 107
93 108
93 109
93 110
93 111
93 112
93 113
93 114
93 115
93 116
93 117
93 118
93 119
93 120
93 121
93 122
93 123
93 124
93 125
94 101
94 102
94 103
94 104
94 105
94 106
94 107
94 108
94 109
94 110
94 111
94 112
94 113
94 114
94 115
94 116
94 117
94 118
94 119
94 120
94 121
94 122
94 123
94 124
94 125
95 101
95 102
95 103
95 104
95 105
95 106
95 107
95 108
95 109
95 110
95 111
95 112
95 113
95 114
95 115
95 116
95 117
95 118
95 119
95 120
95 121
95 122
95 123
95 124
95 125
96 101
96 102
96 103
96 104
96 105
96 106
96 107
96 108
96 109
96 110
96 111
96 112
96 113
96 114
96 115
96 116
96 117
96 118
96 119
96 120
96 121
96 122
96 123
96 124
96 125
97 101
97 102
97 103
97 104
97 105
97 106
97 107
97 108
97 109
97 110
97 111
97 112
97 113
97 114
97 115
97 116
97 117
97 118
97 119
97 120
97 121
97 122
97 123
97 124
97 125
98 101
98 102
98 103
98 104
98 105
98 106
98 107
98 108
98 109
98 110
98 111
98 112
98 113
98 114
98 115
98 116
98 117
98 118
98 119
98 120
98 121
98 122
98 123
98 124
98 125
99 101
99 102
99 103
99 104
99 105
99 106
99 107
99 108
99 109
99 110
99 111
99 112
99 113
99 114
99 115
99 116
99 117
99 118
99 119
99 120
99 121
99 122
99 123
99 124
99 125
100 101
100 102
100 103
100 104
100 105
100 106
100 107
100 108
100 109
100 110
100 111
100 112
100 113
100 114
100 115
100 116
100 117
100 118
100 119
100 120
100 121
100 122
100 123
100 124
100 125
101 126
101 127
101 128
101 129
101 130
101 131
101 132
101 133
101 134
101 135
101 136
101 137
101 138
101 139
101 140
101 141
101 142
101 143
101 144
101 145
101 146
101 147
101 148
101 149
101 150
102 126
102 127
102 128
102 129
102 130
102 131
102 132
102 133
102 134
102 135
102 136
102 137
102 138
102 139
102 140
102 141
102 142
102 143
102 144
102 145
102 146
102 147
102 148
102 149
102 150
103 126
103 127
103 128
103 129
103 130
103 131
103 132
103 133
103 134
103 135
103 136
103 137
103 138
103 139
103 140
103 141
103 142
103 143
103 144
103 145
103 146
103 147
103 148
103 149
103 150
104 126
104 127
104 128
104 129
104 130
104 131
104 132
104 133
104 134
104 135
104 136
104 137
104 138
104 139
104 140
104 141
104 142
104 143
104 144
104 145
104 146
104 147
104 148
104 149
104 150
105 126
105 127
105 128
105 129
105 130
105 131
105 132
105 133
105 134
105 135
105 136
105 137
105 138
105 139
105 140
105 141
105 142
105 143
105 144
105 145
105 146
105 147
105 148
105 149
105 150
106 126
106 127
106 128
106 129
106 130
106 131
106 132
106 133
106 134
106 135
106 136
106 137
106 138
106 139
106 140
106 141
106 142
106 143
106 144
106 145
106 146
106 147
106 148
106 149
106 150
107 126
107 127
107 128
107 129
107 130
107 131
107 132
107 133
107 134
107 135
107 136
107 137
107 138
107 139
107 140
107 141
107 142
107 143
107 144
107 145
107 146
107 147
107 148
107 149
107 150
108 126
108 127
108 128
108 129
108 130
108 131
108 132
108 133
108 134
108 135
108 136
108 137
108 138
108 139
108 140
108 141
108 142
108 143
108 144
108 145
108 146
108 147
108 148
108 149
108 150
109 126
109 127
109 128
109 129
109 130
109 131
109 132
109 133
109 134
109 135
109 136
109 137
109 138
109 139
109 140
109 141
109 142
109 143
109 144
109 145
109 146
109 147
109 148
109 149
109 150
110 126
110 127
110 128
110 129
110 130
110 131
110 132
110 133
110 134
110 135
110 136
110 137
110 138
110 139
110 140
110 141
110 142
110 143
110 144
110 145
110 146
110 147
110 148
110 149
110 150
111 126
111 127
111 128
111 129
111 130
111 131
111 132
111 133
111 134
111 135
111 136
111 137
111 138
111 139
111 140
111 141
111 142
111 143
111 144
111 145
111 146
111 147
111 148
111 149
111 150
112 126
112 127
112 128
112 129
112 130
112 131
112 132
112 133
112 134
112 135
112 136
112 137
112 138
112 139
112 140
112 141
112 142
112 143
112 144
112 145
112 146
112 147
112 148
112 149
112 150
113 126
113 127
113 128
113 129
113 130
113 131
113 132
113 133
113 134
113 135
113 136
113 137
113 138
113 139
113 140
113 141
113 142
113 143
113 144
113 145
113 146
113 147
113 148
113 149
113 150
114 126
114 127
114 128
114 129
114 130
114 131
114 132
114 133
114 134
114 135
114 136
114 137
114 138
114 139
114 140
114 141
114 142
114 143
114 144
114 145
114 146
114 147
114 148
114 149
114 150
115 126
115 127
115 128
115 129
115 130
115 131
115 132
115 133
115 134
115 135
115 136
115 137
115 138
115 139
115 140
115 141
115 142
115 143
115 144
115 145
115 146
115 147
115 148
115 149
115 150
116 126
116 127
116 128
116 129
116 130
116 131
116 132
116 133
116 134
116 135
116 136
116 137
116 138
116 139
116 140
116 141
116 142
116 143
116 144
116 145
116 146
116 147
116 148
116 149
116 150
117 126
117 127
117 128
117 129
117 130
117 131
117 132
117 133
117 134
117 135
117 136
117 137
117 138
117 139
117 140
117 141
117 142
117 143
117 144
117 145
117 146
117 147
117 148
117 149
117 150
118 126
118 127
118 128
118 129
118 130
118 131
118 132
118 133
118 134
118 135
118 136
118 137
118 138
118 139
118 140
118 141
118 142
118 143
118 144
118 145
118 146
118 147
118 148
118 149
118 150
119 126
119 127
119 128
119 129
119 130
119 131
119 132
119 133
119 134
119 135
119 136
119 137
119 138
119 139
119 140
119 141
119 142
119 143
119 144
119 145
119 146
119 147
119 148
119 149
119 150
120 126
120 127
120 128
120 129
120 130
120 131
120 132
120 133
120 134
120 135
120 136
120 137
120 138
120 139
120 140
120 141
120 142
120 143
120 144
120 145
120 146
120 147
120 148
120 149
120 150
121 126
121 127
121 128
121 129
121 130
121 131
121 132
121 133
121 134
121 135
121 136
121 137
121 138
121 139
121 140
121 141
121 142
121 143
121 144
121 145
121 146
121 147
121 148
121 149
121 150
122 126
122 127
122 128
122 129
122 130
122 131
122 132
122 133
122 134
122 135
122 136
122 137
122 138
122 139
122 140
122 141
122 142
122 143
122 144
122 145
122 146
122 147
122 148
122 149
122 150
123 126
123 127
123 128
123 129
123 130
123 131
123 132
123 133
123 134
123 135
123 136
123 137
123 138
123 139
123 140
123 141
123 142
123 143
123 144
123 145
123 146
123 147
123 148
123 149
123 150
124 126
124 127
124 128
124 129
124 130
124 131
124 132
124 133
124 134
124 135
124 136
124 137
124 138
124 139
124 140
124 141
124 142
124 143
124 144
124 145
124 146
124 147
124 148
124 149
124 150
125 126
125 127
125 128
125 129
125 130
125 131
125 132
125 133
125 134
125 135
125 136
125 137
125 138
125 139
125 140
125 141
125 142
125 143
125 144
125 145
125 146
125 147
125 148
125 149
125 150
126 151
126 152
126 153
126 154
126 155
126 156
126 157
126 158
126 159
126 160
126 161
126 162
126 163
126 164
126 165
126 166
126 167
126 168
126 169
126 170
126 171
126 172
126 173
126 174
126 175
127 151
127 152
127 153
127 154
127 155
127 156
127 157
127 158
127 159
127 160
127 161
127 162
127 163
127 164
127 165
127 166
127 167
127 168
127 169
127 170
127 171
127 172
127 173
127 174
127 175
128 151
128 152
128 153
128 154
128 155
128 156
128 157
128 158
128 159
128 160
128 161
128 162
128 163
128 164
128 165
128 166
128 167
128 168
128 169
128 170
128 171
128 172
128 173
128 174
128 175
129 151
129 152
129 153
129 154
129 155
129 156
129 157
129 158
129 159
129 160
129 161
129 162
129 163
129 164
129 165
129 166
129 167
129 168
129 169
129 170
129 171
129 172
129 173
129 174
129 175
130 151
130 152
130 153
130 154
130 155
130 156
130 157
130 158
130 159
130 160
130 161
130 162
130 163
130 164
130 165
130 166
130 167
130 168
130 169
130 170
130 171
130 172
130 173
130 174
130 175
131 151
131 152
131 153
131 154
131 155
131 156
131 157
131 158
131 159
131 160
131 161
131 162
131 163
131 164
131 165
131 166
131 167
131 168
131 169
131 170
131 171
131 172
131 173
131 174
131 175
132 151
132 152
132 153
132 154
132 155
132 156
132 157
132 158
132 159
132 160
132 161
132 162
132 163
132 164
132 165
132 166
132 167
132 168
132 169
132 170
132 171
132 172
132 173
132 174
132 175
133 151
133 152
133 153
133 154
133 155
133 156
133 157
133 158
133 159
133 160
133 161
133 162
133 163
133 164
133 165
133 166
133 167
133 168
133 169
133 170
133 171
133 172
133 173
133 174
133 175
134 151
134 152
134 153
134 154
134 155
134 156
134 157
134 158
134 159
134 160
134 161
134 162
134 163
134 164
134 165
134 166
134 167
134 168
134 169
134 170
134 171
134 172
134 173
134 174
134 175
135 151
135 152
135 153
135 154
135 155
135 156
135 157
135 158
135 159
135 160
135 161
135 162
135 163
135 164
135 165
135 166
135 167
135 168
135 169
135 170
135 171
135 172
135 173
135 174
135 175
136 151
136 152
136 153
136 154
136 155
136 156
136 157
136 158
136 159
136 160
136 161
136 162
136 163
136 164
136 165
136 166
136 167
136 168
136 169
136 170
136 171
136 172
136 173
136 174
136 175
137 151
137 152
137 153
137 154
137 155
137 156
137 157
137 158
137 159
137 160
137 161
137 162
137 163
137 164
137 165
137 166
137 167
137 168
137 169
137 170
137 171
137 172
137 173
137 174
137 175
138 151
138 152
138 153
138 154
138 155
138 156
138 157
138 158
138 159
138 160
138 161
138 162
138 163
138 164
138 165
138 166
138 167
138 168
138 169
138 170
138 171
138 172
138 173
138 174
138 175
139 151
139 152
139 153
139 154
139 155
139 156
139 157
139 158
139 159
139 160
139 161
139 162
139 163
139 164
139 165
139 166
139 167
139 168
139 169
139 170
139 171
139 172
139 173
139 174
139 175
140 151
140 152
140 153
140 154
140 155
140 156
140 157
140 158
140 159
140 160
140 161
140 162
140 163
140 164
140 165
140 166
140 167
140 168
140 169
140 170
140 171
140 172
140 173
140 174
140 175
141 151
141 152
141 153
141 154
141 155
141 156
141 157
141 158
141 159
141 160
141 161
141 162
141 163
141 164
141 165
141 166
141 167
141 168
141 169
141 170
141 171
141 172
141 173
141 174
141 175
142 151
142 152
142 153
142 154
142 155
142 156
142 157
142 158
142 159
142 160
142 161
142 162
142 163
142 164
142 165
142 166
142 167
142 168
142 169
142 170
142 171
142 172
142 173
142 174
142 175
143 151
143 152
143 153
143 154
143 155
143 156
143 157
143 158
143 159
143 160
143 161
143 162
143 163
143 164
143 165
143 166
143 167
143 168
143 169
143 170
143 171
143 172
143 173
143 174
143 175
144 151
144 152
144 153
144 154
144 155
144 156
144 157
144 158
144 159
144 160
144 161
144 162
144 163
144 164
144 165
144 166
144 167
144 168
144 169
144 170
144 171
144 172
144 173
144 174
144 175
145 151
145 152
145 153
145 154
145 155
145 156
145 157
145 158
145 159
145 160
145 161
145 162
145 163
145 164
145 165
145 166
145 167
145 168
145 169
145 170
145 171
145 172
145 173
145 174
145 175
146 151
146 152
146 153
146 154
146 155
146 156
146 157
146 158
146 159
146 160
146 161
146 162
146 163
146 164
146 165
146 166
146 167
146 168
146 169
146 170
146 171
146 172
146 173
146 174
146 175
147 151
147 152
147 153
147 154
147 155
147 156
147 157
147 158
147 159
147 160
147 161
147 162
147 163
147 164
147 165
147 166
147 167
147 168
147 169
147 170
147 171
147 172
147 173
147 174
147 175
148 151
148 152
148 153
148 154
148 155
148 156
148 157
148 158
148 159
148 160
148 161
148 162
148 163
148 164
148 165
148 166
148 167
148 168
148 169
148 170
148 171
148 172
148 173
148 174
148 175
149 151
149 152
149 153
149 154
149 155
149 156
149 157
149 158
149 159
149 160
149 161
149 162
149 163
149 164
149 165
149 166
149 167
149 168
149 169
149 170
149 171
149 172
149 173
149 174
149 175
150 151
150 152
150 153
150 154
150 155
150 156
150 157
150 158
150 159
150 160
150 161
150 162
150 163
150 164
150 165
150 166
150 167
150 168
150 169
150 170
150 171
150 172
150 173
150 174
150 175
151 176
151 177
151 178
151 179
151 180
151 181
151 182
151 183
151 184
151 185
151 186
151 187
151 188
151 189
151 190
151 191
151 192
151 193
151 194
151 195
151 196
151 197
151 198
151 199
151 200
152 176
152 177
152 178
152 179
152 180
152 181
152 182
152 183
152 184
152 185
152 186
152 187
152 188
152 189
152 190
152 191
152 192
152 193
152 194
152 195
152 196
152 197
152 198
152 199
152 200
153 176
153 177
153 178
153 179
153 180
153 181
153 182
153 183
153 184
153 185
153 186
153 187
153 188
153 189
153 190
153 191
153 192
153 193
153 194
153 195
153 196
153 197
153 198
153 199
153 200
154 176
154 177
154 178
154 179
154 180
154 181
154 182
154 183
154 184
154 185
154 186
154 187
154 188
154 189
154 190
154 191
154 192
154 193
154 194
154 195
154 196
154 197
154 198
154 199
154 200
155 176
155 177
155 178
155 179
155 180
155 181
155 182
155 183
155 184
155 185
155 186
155 187
155 188
155 189
155 190
155 191
155 192
155 193
155 194
155 195
155 196
155 197
155 198
155 199
155 200
156 176
156 177
156 178
156 179
156 180
156 181
156 182
156 183
156 184
156 185
156 186
156 187
156 188
156 189
156 190
156 191
156 192
156 193
156 194
156 195
156 196
156 197
156 198
156 199
156 200
157 176
157 177
157 178
157 179
157 180
157 181
157 182
157 183
157 184
157 185
157 186
157 187
157 188
157 189
157 190
157 191
157 192
157 193
157 194
157 195
157 196
157 197
157 198
157 199
157 200
158 176
158 177
158 178
158 179
158 180
158 181
158 182
158 183
158 184
158 185
158 186
158 187
158 188
158 189
158 190
158 191
158 192
158 193
158 194
158 195
158 196
158 197
158 198
158 199
158 200
159 176
159 177
159 178
159 179
159 180
159 181
159 182
159 183
159 184
159 185
159 186
159 187
159 188
159 189
159 190
159 191
159 192
159 193
159 194
159 195
159 196
159 197
159 198
159 199
159 200
160 176
160 177
160 178
160 179
160 180
160 181
160 182
160 183
160 184
160 185
160 186
160 187
160 188
160 189
160 190
160 191
160 192
160 193
160 194
160 195
160 196
160 197
160 198
160 199
160 200
161 176
161 177
161 178
161 179
161 180
161 181
161 182
161 183
161 184
161 185
161 186
161 187
161 188
161 189
161 190
161 191
161 192
161 193
161 194
161 195
161 196
161 197
161 198
161 199
161 200
162 176
162 177
162 178
162 179
162 180
162 181
162 182
162 183
162 184
162 185
162 186
162 187
162 188
162 189
162 190
162 191
162 192
162 193
162 194
162 195
162 196
162 197
162 198
162 199
162 200
163 176
163 177
163 178
163 179
163 180
163 181
163 182
163 183
163 184
163 185
163 186
163 187
163 188
163 189
163 190
163 191
163 192
163 193
163 194
163 195
163 196
163 197
163 198
163 199
163 200
164 176
164 177
164 178
164 179
164 180
164 181
164 182
164 183
164 184
164 185
164 186
164 187
164 188
164 189
164 190
164 191
164 192
164 193
164 194
164 195
164 196
164 197
164 198
164 199
164 200
165 176
165 177
165 178
165 179
165 180
165 181
165 182
165 183
165 184
165 185
165 186
165 187
165 188
165 189
165 190
165 191
165 192
165 193
165 194
165 195
165 196
165 197
165 198
165 199
165 200
166 176
166 177
166 178
166 179
166 180
166 181
166 182
166 183
166 184
166 185
166 186
166 187
166 188
166 189
166 190
166 191
166 192
166 193
166 194
166 195
166 196
166 197
166 198
166 199
166 200
167 176
167 177
167 178
167 179
167 180
167 181
167 182
167 183
167 184
167 185
167 186
167 187
167 188
167 189
167 190
167 191
167 192
167 193
167 194
167 195
167 196
167 197
167 198
167 199
167 200
168 176
168 177
168 178
168 179
168 180
168 181
168 182
168 183
168 184
168 185
168 186
168 187
168 188
168 189
168 190
168 191
168 192
168 193
168 194
168 195
168 196
168 197
168 198
168 199
168 200
169 176
169 177
169 178
169 179
169 180
169 181
169 182
169 183
169 184
169 185
169 186
169 187
169 188
169 189
169 190
169 191
169 192
169 193
169 194
169 195
169 196
169 197
169 198
169 199
169 200
170 176
170 177
170 178
170 179
170 180
170 181
170 182
170 183
170 184
170 185
170 186
170 187
170 188
170 189
170 190
170 191
170 192
170 193
170 194
170 195
170 196
170 197
170 198
170 199
170 200
171 176
171 177
171 178
171 179
171 180
171 181
171 182
171 183
171 184
171 185
171 186
171 187
171 188
171 189
171 190
171 191
171 192
171 193
171 194
171 195
171 196
171 197
171 198
171 199
171 200
172 176
172 177
172 178
172 179
172 180
172 181
172 182
172 183
172 184
172 185
172 186
172 187
172 188
172 189
172 190
172 191
172 192
172 193
172 194
172 195
172 196
172 197
172 198
172 199
172 200
173 176
173 177
173 178
173 179
173 180
173 181
173 182
173 183
173 184
173 185
173 186
173 187
173 188
173 189
173 190
173 191
173 192
173 193
173 194
173 195
173 196
173 197
173 198
173 199
173 200
174 176
174 177
174 178
174 179
174 180
174 181
174 182
174 183
174 184
174 185
174 186
174 187
174 188
174 189
174 190
174 191
174 192
174 193
174 194
174 195
174 196
174 197
174 198
174 199
174 200
175 176
175 177
175 178
175 179
175 180
175 181
175 182
175 183
175 184
175 185
175 186
175 187
175 188
175 189
175 190
175 191
175 192
175 193
175 194
175 195
175 196
175 197
175 198
175 199
175 200
176 201
176 202
176 203
176 204
176 205
176 206
176 207
176 208
176 209
176 210
176 211
176 212
176 213
176 214
176 215
176 216
176 217
176 218
176 219
176 220
176 221
176 222
176 223
176 224
176 225
177 201
177 202
177 203
177 204
177 205
177 206
177 207
177 208
177 209
177 210
177 211
177 212
177 213
177 214
177 215
177 216
177 217
177 218
177 219
177 220
177 221
177 222
177 223
177 224
177 225
178 201
178 202
178 203
178 204
178 205
178 206
178 207
178 208
178 209
178 210
178 211
178 212
178 213
178 214
178 215
178 216
178 217
178 218
178 219
178 220
178 221
178 222
178 223
178 224
178 225
179 201
179 202
179 203
179 204
179 205
179 206
179 207
179 208
179 209
179 210
179 211
179 212
179 213
179 214
179 215
179 216
179 217
179 218
179 219
179 220
179 221
179 222
179 223
179 224
179 225
180 201
180 202
180 203
180 204
180 205
180 206
180 207
180 208
180 209
180 210
180 211
180 212
180 213
180 214
180 215
180 216
180 217
180 218
180 219
180 220
180 221
180 222
180 223
180 224
180 225
181 201
181 202
181 203
181 204
181 205
181 206
181 207
181 208
181 209
181 210
181 211
181 212
181 213
181 214
181 215
181 216
181 217
181 218
181 219
181 220
181 221
181 222
181 223
181 224
181 225
182 201
182 202
182 203
182 204
182 205
182 206
182 207
182 208
182 209
182 210
182 211
182 212
182 213
182 214
182 215
182 216
182 217
182 218
182 219
182 220
182 221
182 222
182 223
182 224
182 225
183 201
183 202
183 203
183 204
183 205
183 206
183 207
183 208
183 209
183 210
183 211
183 212
183 213
183 214
183 215
183 216
183 217
183 218
183 219
183 220
183 221
183 222
183 223
183 224
183 225
184 201
184 202
184 203
184 204
184 205
184 206
184 207
184 208
184 209
184 210
184 211
184 212
184 213
184 214
184 215
184 216
184 217
184 218
184 219
184 220
184 221
184 222
184 223
184 224
184 225
185 201
185 202
185 203
185 204
185 205
185 206
185 207
185 208
185 209
185 210
185 211
185 212
185 213
185 214
185 215
185 216
185 217
185 218
185 219
185 220
185 221
185 222
185 223
185 224
185 225
186 201
186 202
186 203
186 204
186 205
186 206
186 207
186 208
186 209
186 210
186 211
186 212
186 213
186 214
186 215
186 216
186 217
186 218
186 219
186 220
186 221
186 222
186 223
186 224
186 225
187 201
187 202
187 203
187 204
187 205
187 206
187 207
187 208
187 209
187 210
187 211
187 212
187 213
187 214
187 215
187 216
187 217
187 218
187 219
187 220
187 221
187 222
187 223
187 224
187 225
188 201
188 202
188 203
188 204
188 205
188 206
188 207
188 208
188 209
188 210
188 211
188 212
188 213
188 214
188 215
188 216
188 217
188 218
188 219
188 220
188 221
188 222
188 223
188 224
188 225
189 201
189 202
189 203
189 204
189 205
189 206
189 207
189 208
189 209
189 210
189 211
189 212
189 213
189 214
189 215
189 216
189 217
189 218
189 219
189 220
189 221
189 222
189 223
189 224
189 225
190 201
190 202
190 203
190 204
190 205
190 206
190 207
190 208
190 209
190 210
190 211
190 212
190 213
190 214
190 215
190 216
190 217
190 218
190 219
190 220
190 221
190 222
190 223
190 224
190 225
191 201
191 202
191 203
191 204
191 205
191 206
191 207
191 208
191 209
191 210
191 211
191 212
191 213
191 214
191 215
191 216
191 217
191 218
191 219
191 220
191 221
191 222
191 223
191 224
191 225
192 201
192 202
192 203
192 204
192 205
192 206
192 207
192 208
192 209
192 210
192 211
192 212
192 213
192 214
192 215
192 216
192 217
192 218
192 219
192 220
192 221
192 222
192 223
192 224
192 225
193 201
193 202
193 203
193 204
193 205
193 206
193 207
193 208
193 209
193 210
193 211
193 212
193 213
193 214
193 215
193 216
193 217
193 218
193 219
193 220
193 221
193 222
193 223
193 224
193 225
194 201
194 202
194 203
194 204
194 205
194 206
194 207
194 208
194 209
194 210
194 211
194 212
194 213
194 214
194 215
194 216
194 217
194 218
194 219
194 220
194 221
194 222
194 223
194 224
194 225
195 201
195 202
195 203
195 204
195 205
195 206
195 207
195 208
195 209
195 210
195 211
195 212
195 213
195 214
195 215
195 216
195 217
195 218
195 219
195 220
195 221
195 222
195 223
195 224
195 225
196 201
196 202
196 203
196 204
196 205
196 206
196 207
196 208
196 209
196 210
196 211
196 212
196 213
196 214
196 215
196 216
196 217
196 218
196 219
196 220
196 221
196 222
196 223
196 224
196 225
197 201
197 202
197 203
197 204
197 205
197 206
197 207
197 208
197 209
197 210
197 211
197 212
197 213
197 214
197 215
197 216
197 217
197 218
197 219
197 220
197 221
197 222
197 223
197 224
197 225
198 201
198 202
198 203
198 204
198 205
198 206
198 207
198 208
198 209
198 210
198 211
198 212
198 213
198 214
198 215
198 216
198 217
198 218
198 219
198 220
198 221
198 222
198 223
198 224
198 225
199 201
199 202
199 203
199 204
199 205
199 206
199 207
199 208
199 209
199 210
199 211
199 212
199 213
199 214
199 215
199 216
199 217
199 218
199 219
199 220
199 221
199 222
199 223
199 224
199 225
200 201
200 202
200 203
200 204
200 205
200 206
200 207
200 208
200 209
200 210
200 211
200 212
200 213
200 214
200 215
200 216
200 217
200 218
200 219
200 220
200 221
200 222
200 223
200 224
200 225
201 226
201 227
201 228
201 229
201 230
201 231
201 232
201 233
201 234
201 235
201 236
201 237
201 238
201 239
201 240
201 241
201 242
201 243
201 244
201 245
201 246
201 247
201 248
201 249
201 250
202 226
202 227
202 228
202 229
202 230
202 231
202 232
202 233
202 234
202 235
202 236
202 237
202 238
202 239
202 240
202 241
202 242
202 243
202 244
202 245
202 246
202 247
202 248
202 249
202 250
203 226
203 227
203 228
203 229
203 230
203 231
203 232
203 233
203 234
203 235
203 236
203 237
203 238
203 239
203 240
203 241
203 242
203 243
203 244
203 245
203 246
203 247
203 248
203 249
203 250
204 226
204 227
204 228
204 229
204 230
204 231
204 232
204 233
204 234
204 235
204 236
204 237
204 238
204 239
204 240
204 241
204 242
204 243
204 244
204 245
204 246
204 247
204 248
204 249
204 250
205 226
205 227
205 228
205 229
205 230
205 231
205 232
205 233
205 234
205 235
205 236
205 237
205 238
205 239
205 240
205 241
205 242
205 243
205 244
205 245
205 246
205 247
205 248
205 249
205 250
206 226
206 227
206 228
206 229
206 230
206 231
206 232
206 233
206 234
206 235
206 236
206 237
206 238
206 239
206 240
206 241
206 242
206 243
206 244
206 245
206 246
206 247
206 248
206 249
206 250
207 226
207 227
207 228
207 229
207 230
207 231
207 232
207 233
207 234
207 235
207 236
207 237
207 238
207 239
207 240
207 241
207 242
207 243
207 244
207 245
207 246
207 247
207 248
207 249
207 250
208 226
208 227
208 228
208 229
208 230
208 231
208 232
208 233
208 234
208 235
208 236
208 237
208 238
208 239
208 240
208 241
208 242
208 243
208 244
208 245
208 246
208 247
208 248
208 249
208 250
209 226
209 227
209 228
209 229
209 230
209 231
209 232
209 233
209 234
209 235
209 236
209 237
209 238
209 239
209 240
209 241
209 242
209 243
209 244
209 245
209 246
209 247
209 248
209 249
209 250
210 226
210 227
210 228
210 229
210 230
210 231
210 232
210 233
210 234
210 235
210 236
210 237
210 238
210 239
210 240
210 241
210 242
210 243
210 244
210 245
210 246
210 247
210 248
210 249
210 250
211 226
211 227
211 228
211 229
211 230
211 231
211 232
211 233
211 234
211 235
211 236
211 237
211 238
211 239
211 240
211 241
211 242
211 243
211 244
211 245
211 246
211 247
211 248
211 249
211 250
212 226
212 227
212 228
212 229
212 230
212 231
212 232
212 233
212 234
212 235
212 236
212 237
212 238
212 239
212 240
212 241
212 242
212 243
212 244
212 245
212 246
212 247
212 248
212 249
212 250
213 226
213 227
213 228
213 229
213 230
213 231
213 232
213 233
213 234
213 235
213 236
213 237
213 238
213 239
213 240
213 241
213 242
213 243
213 244
213 245
213 246
213 247
213 248
213 249
213 250
214 226
214 227
214 228
214 229
214 230
214 231
214 232
214 233
214 234
214 235
214 236
214 237
214 238
214 239
214 240
214 241
214 242
214 243
214 244
214 245
214 246
214 247
214 248
214 249
214 250
215 226
215 227
215 228
215 229
215 230
215 231
215 232
215 233
215 234
215 235
215 236
215 237
215 238
215 239
215 240
215 241
215 242
215 243
215 244
215 245
215 246
215 247
215 248
215 249
215 250
216 226
216 227
216 228
216 229
216 230
216 231
216 232
216 233
216 234
216 235
216 236
216 237
216 238
216 239
216 240
216 241
216 242
216 243
216 244
216 245
216 246
216 247
216 248
216 249
216 250
217 226
217 227
217 228
217 229
217 230
217 231
217 232
217 233
217 234
217 235
217 236
217 237
217 238
217 239
217 240
217 241
217 242
217 243
217 244
217 245
217 246
217 247
217 248
217 249
217 250
218 226
218 227
218 228
218 229
218 230
218 231
218 232
218 233
218 234
218 235
218 236
218 237
218 238
218 239
218 240
218 241
218 242
218 243
218 244
218 245
218 246
218 247
218 248
218 249
218 250
219 226
219 227
219 228
219 229
219 230
219 231
219 232
219 233
219 234
219 235
219 236
219 237
219 238
219 239
219 240
219 241
219 242
219 243
219 244
219 245
219 246
219 247
219 248
219 249
219 250
220 226
220 227
220 228
220 229
220 230
220 231
220 232
220 233
220 234
220 235
220 236
220 237
220 238
220 239
220 240
220 241
220 242
220 243
220 244
220 245
220 246
220 247
220 248
220 249
220 250
221 226
221 227
221 228
221 229
221 230
221 231
221 232
221 233
221 234
221 235
221 236
221 237
221 238
221 239
221 240
221 241
221 242
221 243
221 244
221 245
221 246
221 247
221 248
221 249
221 250
222 226
222 227
222 228
222 229
222 230
222 231
222 232
222 233
222 234
222 235
222 236
222 237
222 238
222 239
222 240
222 241
222 242
222 243
222 244
222 245
222 246
222 247
222 248
222 249
222 250
223 226
223 227
223 228
223 229
223 230
223 231
223 232
223 233
223 234
223 235
223 236
223 237
223 238
223 239
223 240
223 241
223 242
223 243
223 244
223 245
223 246
223 247
223 248
223 249
223 250
224 226
224 227
224 228
224 229
224 230
224 231
224 232
224 233
224 234
224 235
224 236
224 237
224 238
224 239
224 240
224 241
224 242
224 243
224 244
224 245
224 246
224 247
224 248
224 249
224 250
225 226
225 227
225 228
225 229
225 230
225 231
225 232
225 233
225 234
225 235
225 236
225 237
225 238
225 239
225 240
225 241
225 242
225 243
225 244
225 245
225 246
225 247
225 248
225 249
225 250
226 251
226 252
226 253
226 254
226 255
226 256
226 257
226 258
226 259
226 260
226 261
226 262
226 263
226 264
226 265
226 266
226 267
226 268
226 269
226 270
226 271
226 272
226 273
226 274
226 275
227 251
227 252
227 253
227 254
227 255
227 256
227 257
227 258
227 259
227 260
227 261
227 262
227 263
227 264
227 265
227 266
227 267
227 268
227 269
227 270
227 271
227 272
227 273
227 274
227 275
228 251
228 252
228 253
228 254
228 255
228 256
228 257
228 258
228 259
228 260
228 261
228 262
228 263
228 264
228 265
228 266
228 267
228 268
228 269
228 270
228 271
228 272
228 273
228 274
228 275
229 251
229 252
229 253
229 254
229 255
229 256
229 257
229 258
229 259
229 260
229 261
229 262
229 263
229 264
229 265
229 266
229 267
229 268
229 269
229 270
229 271
229 272
229 273
229 274
229 275
230 251
230 252
230 253
230 254
230 255
230 256
230 257
230 258
230 259
230 260
230 261
230 262
230 263
230 264
230 265
230 266
230 267
230 268
230 269
230 270
230 271
230 272
230 273
230 274
230 275
231 251
231 252
231 253
231 254
231 255
231 256
231 257
231 258
231 259
231 260
231 261
231 262
231 263
231 264
231 265
231 266
231 267
231 268
231 269
231 270
231 271
231 272
231 273
231 274
231 275
232 251
232 252
232 253
232 254
232 255
232 256
232 257
232 258
232 259
232 260
232 261
232 262
232 263
232 264
232 265
232 266
232 267
232 268
232 269
232 270
232 271
232 272
232 273
232 274
232 275
233 251
233 252
233 253
233 254
233 255
233 256
233 257
233 258
233 259
233 260
233 261
233 262
233 263
233 264
233 265
233 266
233 267
233 268
233 269
233 270
233 271
233 272
233 273
233 274
233 275
234 251
234 252
234 253
234 254
234 255
234 256
234 257
234 258
234 259
234 260
234 261
234 262
234 263
234 264
234 265
234 266
234 267
234 268
234 269
234 270
234 271
234 272
234 273
234 274
234 275
235 251
235 252
235 253
235 254
235 255
235 256
235 257
235 258
235 259
235 260
235 261
235 262
235 263
235 264
235 265
235 266
235 267
235 268
235 269
235 270
235 271
235 272
235 273
235 274
235 275
236 251
236 252
236 253
236 254
236 255
236 256
236 257
236 258
236 259
236 260
236 261
236 262
236 263
236 264
236 265
236 266
236 267
236 268
236 269
236 270
236 271
236 272
236 273
236 274
236 275
237 251
237 252
237 253
237 254
237 255
237 256
237 257
237 258
237 259
237 260
237 261
237 262
237 263
237 264
237 265
237 266
237 267
237 268
237 269
237 270
237 271
237 272
237 273
237 274
237 275
238 251
238 252
238 253
238 254
238 255
238 256
238 257
238 258
238 259
238 260
238 261
238 262
238 263
238 264
238 265
238 266
238 267
238 268
238 269
238 270
238 271
238 272
238 273
238 274
238 275
239 251
239 252
239 253
239 254
239 255
239 256
239 257
239 258
239 259
239 260
239 261
239 262
239 263
239 264
239 265
239 266
239 267
239 268
239 269
239 270
239 271
239 272
239 273
239 274
239 275
240 251
240 252
240 253
240 254
240 255
240 256
240 257
240 258
240 259
240 260
240 261
240 262
240 263
240 264
240 265
240 266
240 267
240 268
240 269
240 270
240 271
240 272
240 273
240 274
240 275
241 251
241 252
241 253
241 254
241 255
241 256
241 257
241 258
241 259
241 260
241 261
241 262
241 263
241 264
241 265
241 266
241 267
241 268
241 269
241 270
241 271
241 272
241 273
241 274
241 275
242 251
242 252
242 253
242 254
242 255
242 256
242 257
242 258
242 259
242 260
242 261
242 262
242 263
242 264
242 265
242 266
242 267
242 268
242 269
242 270
242 271
242 272
242 273
242 274
242 275
243 251
243 252
243 253
243 254
243 255
243 256
243 257
243 258
243 259
243 260
243 261
243 262
243 263
243 264
243 265
243 266
243 267
243 268
243 269
243 270
243 271
243 272
243 273
243 274
243 275
244 251
244 252
244 253
244 254
244 255
244 256
244 257
244 258
244 259
244 260
244 261
244 262
244 263
244 264
244 265
244 266
244 267
244 268
244 269
244 270
244 271
244 272
244 273
244 274
244 275
245 251
245 252
245 253
245 254
245 255
245 256
245 257
245 258
245 259
245 260
245 261
245 262
245 263
245 264
245 265
245 266
245 267
245 268
245 269
245 270
245 271
245 272
245 273
245 274
245 275
246 251
246 252
246 253
246 254
246 255
246 256
246 257
246 258
246 259
246 260
246 261
246 262
246 263
246 264
246 265
246 266
246 267
246 268
246 269
246 270
246 271
246 272
246 273
246 274
246 275
247 251
247 252
247 253
247 254
247 255
247 256
247 257
247 258
247 259
247 260
247 261
247 262
247 263
247 264
247 265
247 266
247 267
247 268
247 269
247 270
247 271
247 272
247 273
247 274
247 275
248 251
248 252
248 253
248 254
248 255
248 256
248 257
248 258
248 259
248 260
248 261
248 262
248 263
248 264
248 265
248 266
248 267
248 268
248 269
248 270
248 271
248 272
248 273
248 274
248 275
249 251
249 252
249 253
249 254
249 255
249 256
249 257
249 258
249 259
249 260
249 261
249 262
249 263
249 264
249 265
249 266
249 267
249 268
249 269
249 270
249 271
249 272
249 273
249 274
249 275
250 251
250 252
250 253
250 254
250 255
250 256
250 257
250 258
250 259
250 260
250 261
250 262
250 263
250 264
250 265
250 266
250 267
250 268
250 269
250 270
250 271
250 272
250 273
250 274
250 275
251 276
251 277
251 278
251 279
251 280
251 281
251 282
251 283
251 284
251 285
251 286
251 287
251 288
251 289
251 290
251 291
251 292
251 293
251 294
251 295
251 296
251 297
251 298
251 299
251 300
252 276
252 277
252 278
252 279
252 280
252 281
252 282
252 283
252 284
252 285
252 286
252 287
252 288
252 289
252 290
252 291
252 292
252 293
252 294
252 295
252 296
252 297
252 298
252 299
252 300
253 276
253 277
253 278
253 279
253 280
253 281
253 282
253 283
253 284
253 285
253 286
253 287
253 288
253 289
253 290
253 291
253 292
253 293
253 294
253 295
253 296
253 297
253 298
253 299
253 300
254 276
254 277
254 278
254 279
254 280
254 281
254 282
254 283
254 284
254 285
254 286
254 287
254 288
254 289
254 290
254 291
254 292
254 293
254 294
254 295
254 296
254 297
254 298
254 299
254 300
255 276
255 277
255 278
255 279
255 280
255 281
255 282
255 283
255 284
255 285
255 286
255 287
255 288
255 289
255 290
255 291
255 292
255 293
255 294
255 295
255 296
255 297
255 298
255 299
255 300
256 276
256 277
256 278
256 279
256 280
256 281
256 282
256 283
256 284
256 285
256 286
256 287
256 288
256 289
256 290
256 291
256 292
256 293
256 294
256 295
256 296
256 297
256 298
256 299
256 300
257 276
257 277
257 278
257 279
257 280
257 281
257 282
257 283
257 284
257 285
257 286
257 287
257 288
257 289
257 290
257 291
257 292
257 293
257 294
257 295
257 296
257 297
257 298
257 299
257 300
258 276
258 277
258 278
258 279
258 280
258 281
258 282
258 283
258 284
258 285
258 286
258 287
258 288
258 289
258 290
258 291
258 292
258 293
258 294
258 295
258 296
258 297
258 298
258 299
258 300
259 276
259 277
259 278
259 279
259 280
259 281
259 282
259 283
259 284
259 285
259 286
259 287
259 288
259 289
259 290
259 291
259 292
259 293
259 294
259 295
259 296
259 297
259 298
259 299
259 300
260 276
260 277
260 278
260 279
260 280
260 281
260 282
260 283
260 284
260 285
260 286
260 287
260 288
260 289
260 290
260 291
260 292
260 293
260 294
260 295
260 296
260 297
260 298
260 299
260 300
261 276
261 277
261 278
261 279
261 280
261 281
261 282
261 283
261 284
261 285
261 286
261 287
261 288
261 289
261 290
261 291
261 292
261 293
261 294
261 295
261 296
261 297
261 298
261 299
261 300
262 276
262 277
262 278
262 279
262 280
262 281
262 282
262 283
262 284
262 285
262 286
262 287
262 288
262 289
262 290
262 291
262 292
262 293
262 294
262 295
262 296
262 297
262 298
262 299
262 300
263 276
263 277
263 278
263 279
263 280
263 281
263 282
263 283
263 284
263 285
263 286
263 287
263 288
263 289
263 290
263 291
263 292
263 293
263 294
263 295
263 296
263 297
263 298
263 299
263 300
264 276
264 277
264 278
264 279
264 280
264 281
264 282
264 283
264 284
264 285
264 286
264 287
264 288
264 289
264 290
264 291
264 292
264 293
264 294
264 295
264 296
264 297
264 298
264 299
264 300
265 276
265 277
265 278
265 279
265 280
265 281
265 282
265 283
265 284
265 285
265 286
265 287
265 288
265 289
265 290
265 291
265 292
265 293
265 294
265 295
265 296
265 297
265 298
265 299
265 300
266 276
266 277
266 278
266 279
266 280
266 281
266 282
266 283
266 284
266 285
266 286
266 287
266 288
266 289
266 290
266 291
266 292
266 293
266 294
266 295
266 296
266 297
266 298
266 299
266 300
267 276
267 277
267 278
267 279
267 280
267 281
267 282
267 283
267 284
267 285
267 286
267 287
267 288
267 289
267 290
267 291
267 292
267 293
267 294
267 295
267 296
267 297
267 298
267 299
267 300
268 276
268 277
268 278
268 279
268 280
268 281
268 282
268 283
268 284
268 285
268 286
268 287
268 288
268 289
268 290
268 291
268 292
268 293
268 294
268 295
268 296
268 297
268 298
268 299
268 300
269 276
269 277
269 278
269 279
269 280
269 281
269 282
269 283
269 284
269 285
269 286
269 287
269 288
269 289
269 290
269 291
269 292
269 293
269 294
269 295
269 296
269 297
269 298
269 299
269 300
270 276
270 277
270 278
270 279
270 280
270 281
270 282
270 283
270 284
270 285
270 286
270 287
270 288
270 289
270 290
270 291
270 292
270 293
270 294
270 295
270 296
270 297
270 298
270 299
270 300
271 276
271 277
271 278
271 279
271 280
271 281
271 282
271 283
271 284
271 285
271 286
271 287
271 288
271 289
271 290
271 291
271 292
271 293
271 294
271 295
271 296
271 297
271 298
271 299
271 300
272 276
272 277
272 278
272 279
272 280
272 281
272 282
272 283
272 284
272 285
272 286
272 287
272 288
272 289
272 290
272 291
272 292
272 293
272 294
272 295
272 296
272 297
272 298
272 299
272 300
273 276
273 277
273 278
273 279
273 280
273 281
273 282
273 283
273 284
273 285
273 286
273 287
273 288
273 289
273 290
273 291
273 292
273 293
273 294
273 295
273 296
273 297
273 298
273 299
273 300
274 276
274 277
274 278
274 279
274 280
274 281
274 282
274 283
274 284
274 285
274 286
274 287
274 288
274 289
274 290
274 291
274 292
274 293
274 294
274 295
274 296
274 297
274 298
274 299
274 300
275 276
275 277
275 278
275 279
275 280
275 281
275 282
275 283
275 284
275 285
275 286
275 287
275 288
275 289
275 290
275 291
275 292
275 293
275 294
275 295
275 296
275 297
275 298
275 299
275 300
276 301
276 302
276 303
276 304
276 305
276 306
276 307
276 308
276 309
276 310
276 311
276 312
276 313
276 314
276 315
276 316
276 317
276 318
276 319
276 320
276 321
276 322
276 323
276 324
276 325
277 301
277 302
277 303
277 304
277 305
277 306
277 307
277 308
277 309
277 310
277 311
277 312
277 313
277 314
277 315
277 316
277 317
277 318
277 319
277 320
277 321
277 322
277 323
277 324
277 325
278 301
278 302
278 303
278 304
278 305
278 306
278 307
278 308
278 309
278 310
278 311
278 312
278 313
278 314
278 315
278 316
278 317
278 318
278 319
278 320
278 321
278 322
278 323
278 324
278 325
279 301
279 302
279 303
279 304
279 305
279 306
279 307
279 308
279 309
279 310
279 311
279 312
279 313
279 314
279 315
279 316
279 317
279 318
279 319
279 320
279 321
279 322
279 323
279 324
279 325
280 301
280 302
280 303
280 304
280 305
280 306
280 307
280 308
280 309
280 310
280 311
280 312
280 313
280 314
280 315
280 316
280 317
280 318
280 319
280 320
280 321
280 322
280 323
280 324
280 325
281 301
281 302
281 303
281 304
281 305
281 306
281 307
281 308
281 309
281 310
281 311
281 312
281 313
281 314
281 315
281 316
281 317
281 318
281 319
281 320
281 321
281 322
281 323
281 324
281 325
282 301
282 302
282 303
282 304
282 305
282 306
282 307
282 308
282 309
282 310
282 311
282 312
282 313
282 314
282 315
282 316
282 317
282 318
282 319
282 320
282 321
282 322
282 323
282 324
282 325
283 301
283 302
283 303
283 304
283 305
283 306
283 307
283 308
283 309
283 310
283 311
283 312
283 313
283 314
283 315
283 316
283 317
283 318
283 319
283 320
283 321
283 322
283 323
283 324
283 325
284 301
284 302
284 303
284 304
284 305
284 306
284 307
284 308
284 309
284 310
284 311
284 312
284 313
284 314
284 315
284 316
284 317
284 318
284 319
284 320
284 321
284 322
284 323
284 324
284 325
285 301
285 302
285 303
285 304
285 305
285 306
285 307
285 308
285 309
285 310
285 311
285 312
285 313
285 314
285 315
285 316
285 317
285 318
285 319
285 320
285 321
285 322
285 323
285 324
285 325
286 301
286 302
286 303
286 304
286 305
286 306
286 307
286 308
286 309
286 310
286 311
286 312
286 313
286 314
286 315
286 316
286 317
286 318
286 319
286 320
286 321
286 322
286 323
286 324
286 325
287 301
287 302
287 303
287 304
287 305
287 306
287 307
287 308
287 309
287 310
287 311
287 312
287 313
287 314
287 315
287 316
287 317
287 318
287 319
287 320
287 321
287 322
287 323
287 324
287 325
288 301
288 302
288 303
288 304
288 305
288 306
288 307
288 308
288 309
288 310
288 311
288 312
288 313
288 314
288 315
288 316
288 317
288 318
288 319
288 320
288 321
288 322
288 323
288 324
288 325
289 301
289 302
289 303
289 304
289 305
289 306
289 307
289 308
289 309
289 310
289 311
289 312
289 313
289 314
289 315
289 316
289 317
289 318
289 319
289 320
289 321
289 322
289 323
289 324
289 325
290 301
290 302
290 303
290 304
290 305
290 306
290 307
290 308
290 309
290 310
290 311
290 312
290 313
290 314
290 315
290 316
290 317
290 318
290 319
290 320
290 321
290 322
290 323
290 324
290 325
291 301
291 302
291 303
291 304
291 305
291 306
291 307
291 308
291 309
291 310
291 311
291 312
291 313
291 314
291 315
291 316
291 317
291 318
291 319
291 320
291 321
291 322
291 323
291 324
291 325
292 301
292 302
292 303
292 304
292 305
292 306
292 307
292 308
292 309
292 310
292 311
292 312
292 313
292 314
292 315
292 316
292 317
292 318
292 319
292 320
292 321
292 322
292 323
292 324
292 325
293 301
293 302
293 303
293 304
293 305
293 306
293 307
293 308
293 309
293 310
293 311
293 312
293 313
293 314
293 315
293 316
293 317
293 318
293 319
293 320
293 321
293 322
293 323
293 324
293 325
294 301
294 302
294 303
294 304
294 305
294 306
294 307
294 308
294 309
294 310
294 311
294 312
294 313
294 314
294 315
294 316
294 317
294 318
294 319
294 320
294 321
294 322
294 323
294 324
294 325
295 301
295 302
295 303
295 304
295 305
295 306
295 307
295 308
295 309
295 310
295 311
295 312
295 313
295 314
295 315
295 316
295 317
295 318
295 319
295 320
295 321
295 322
295 323
295 324
295 325
296 301
296 302
296 303
296 304
296 305
296 306
296 307
296 308
296 309
296 310
296 311
296 312
296 313
296 314
296 315
296 316
296 317
296 318
296 319
296 320
296 321
296 322
296 323
296 324
296 325
297 301
297 302
297 303
297 304
297 305
297 306
297 307
297 308
297 309
297 310
297 311
297 312
297 313
297 314
297 315
297 316
297 317
297 318
297 319
297 320
297 321
297 322
297 323
297 324
297 325
298 301
298 302
298 303
298 304
298 305
298 306
298 307
298 308
298 309
298 310
298 311
298 312
298 313
298 314
298 315
298 316
298 317
298 318
298 319
298 320
298 321
298 322
298 323
298 324
298 325
299 301
299 302
299 303
299 304
299 305
299 306
299 307
299 308
299 309
299 310
299 311
299 312
299 313
299 314
299 315
299 316
299 317
299 318
299 319
299 320
299 321
299 322
299 323
299 324
299 325
300 301
300 302
300 303
300 304
300 305
300 306
300 307
300 308
300 309
300 310
300 311
300 312
300 313
300 314
300 315
300 316
300 317
300 318
300 319
300 320
300 321
300 322
300 323
300 324
300 325
301 326
301 327
301 328
301 329
301 330
301 331
301 332
301 333
301 334
301 335
301 336
301 337
301 338
301 339
301 340
301 341
301 342
301 343
301 344
301 345
301 346
301 347
301 348
301 349
301 350
302 326
302 327
302 328
302 329
302 330
302 331
302 332
302 333
302 334
302 335
302 336
302 337
302 338
302 339
302 340
302 341
302 342
302 343
302 344
302 345
302 346
302 347
302 348
302 349
302 350
303 326
303 327
303 328
303 329
303 330
303 331
303 332
303 333
303 334
303 335
303 336
303 337
303 338
303 339
303 340
303 341
303 342
303 343
303 344
303 345
303 346
303 347
303 348
303 349
303 350
304 326
304 327
304 328
304 329
304 330
304 331
304 332
304 333
304 334
304 335
304 336
304 337
304 338
304 339
304 340
304 341
304 342
304 343
304 344
304 345
304 346
304 347
304 348
304 349
304 350
305 326
305 327
305 328
305 329
305 330
305 331
305 332
305 333
305 334
305 335
305 336
305 337
305 338
305 339
305 340
305 341
305 342
305 343
305 344
305 345
305 346
305 347
305 348
305 349
305 350
306 326
306 327
306 328
306 329
306 330
306 331
306 332
306 333
306 334
306 335
306 336
306 337
306 338
306 339
306 340
306 341
306 342
306 343
306 344
306 345
306 346
306 347
306 348
306 349
306 350
307 326
307 327
307 328
307 329
307 330
307 331
307 332
307 333
307 334
307 335
307 336
307 337
307 338
307 339
307 340
307 341
307 342
307 343
307 344
307 345
307 346
307 347
307 348
307 349
307 350
308 326
308 327
308 328
308 329
308 330
308 331
308 332
308 333
308 334
308 335
308 336
308 337
308 338
308 339
308 340
308 341
308 342
308 343
308 344
308 345
308 346
308 347
308 348
308 349
308 350
309 326
309 327
309 328
309 329
309 330
309 331
309 332
309 333
309 334
309 335
309 336
309 337
309 338
309 339
309 340
309 341
309 342
309 343
309 344
309 345
309 346
309 347
309 348
309 349
309 350
310 326
310 327
310 328
310 329
310 330
310 331
310 332
310 333
310 334
310 335
310 336
310 337
310 338
310 339
310 340
310 341
310 342
310 343
310 344
310 345
310 346
310 347
310 348
310 349
310 350
311 326
311 327
311 328
311 329
311 330
311 331
311 332
311 333
311 334
311 335
311 336
311 337
311 338
311 339
311 340
311 341
311 342
311 343
311 344
311 345
311 346
311 347
311 348
311 349
311 350
312 326
312 327
312 328
312 329
312 330
312 331
312 332
312 333
312 334
312 335
312 336
312 337
312 338
312 339
312 340
312 341
312 342
312 343
312 344
312 345
312 346
312 347
312 348
312 349
312 350
313 326
313 327
313 328
313 329
313 330
313 331
313 332
313 333
313 334
313 335
313 336
313 337
313 338
313 339
313 340
313 341
313 342
313 343
313 344
313 345
313 346
313 347
313 348
313 349
313 350
314 326
314 327
314 328
314 329
314 330
314 331
314 332
314 333
314 334
314 335
314 336
314 337
314 338
314 339
314 340
314 341
314 342
314 343
314 344
314 345
314 346
314 347
314 348
314 349
314 350
315 326
315 327
315 328
315 329
315 330
315 331
315 332
315 333
315 334
315 335
315 336
315 337
315 338
315 339
315 340
315 341
315 342
315 343
315 344
315 345
315 346
315 347
315 348
315 349
315 350
316 326
316 327
316 328
316 329
316 330
316 331
316 332
316 333
316 334
316 335
316 336
316 337
316 338
316 339
316 340
316 341
316 342
316 343
316 344
316 345
316 346
316 347
316 348
316 349
316 350
317 326
317 327
317 328
317 329
317 330
317 331
317 332
317 333
317 334
317 335
317 336
317 337
317 338
317 339
317 340
317 341
317 342
317 343
317 344
317 345
317 346
317 347
317 348
317 349
317 350
318 326
318 327
318 328
318 329
318 330
318 331
318 332
318 333
318 334
318 335
318 336
318 337
318 338
318 339
318 340
318 341
318 342
318 343
318 344
318 345
318 346
318 347
318 348
318 349
318 350
319 326
319 327
319 328
319 329
319 330
319 331
319 332
319 333
319 334
319 335
319 336
319 337
319 338
319 339
319 340
319 341
319 342
319 343
319 344
319 345
319 346
319 347
319 348
319 349
319 350
320 326
320 327
320 328
320 329
320 330
320 331
320 332
320 333
320 334
320 335
320 336
320 337
320 338
320 339
320 340
320 341
320 342
320 343
320 344
320 345
320 346
320 347
320 348
320 349
320 350
321 326
321 327
321 328
321 329
321 330
321 331
321 332
321 333
321 334
321 335
321 336
321 337
321 338
321 339
321 340
321 341
321 342
321 343
321 344
321 345
321 346
321 347
321 348
321 349
321 350
322 326
322 327
322 328
322 329
322 330
322 331
322 332
322 333
322 334
322 335
322 336
322 337
322 338
322 339
322 340
322 341
322 342
322 343
322 344
322 345
322 346
322 347
322 348
322 349
322 350
323 326
323 327
323 328
323 329
323 330
323 331
323 332
323 333
323 334
323 335
323 336
323 337
323 338
323 339
323 340
323 341
323 342
323 343
323 344
323 345
323 346
323 347
323 348
323 349
323 350
324 326
324 327
324 328
324 329
324 330
324 331
324 332
324 333
324 334
324 335
324 336
324 337
324 338
324 339
324 340
324 341
324 342
324 343
324 344
324 345
324 346
324 347
324 348
324 349
324 350
325 326
325 327
325 328
325 329
325 330
325 331
325 332
325 333
325 334
325 335
325 336
325 337
325 338
325 339
325 340
325 341
325 342
325 343
325 344
325 345
325 346
325 347
325 348
325 349
325 350
326 351
326 352
326 353
326 354
326 355
326 356
326 357
326 358
326 359
326 360
326 361
326 362
326 363
326 364
326 365
326 366
326 367
326 368
326 369
326 370
326 371
326 372
326 373
326 374
326 375
327 351
327 352
327 353
327 354
327 355
327 356
327 357
327 358
327 359
327 360
327 361
327 362
327 363
327 364
327 365
327 366
327 367
327 368
327 369
327 370
327 371
327 372
327 373
327 374
327 375
328 351
328 352
328 353
328 354
328 355
328 356
328 357
328 358
328 359
328 360
328 361
328 362
328 363
328 364
328 365
328 366
328 367
328 368
328 369
328 370
328 371
328 372
328 373
328 374
328 375
329 351
329 352
329 353
329 354
329 355
329 356
329 357
329 358
329 359
329 360
329 361
329 362
329 363
329 364
329 365
329 366
329 367
329 368
329 369
329 370
329 371
329 372
329 373
329 374
329 375
330 351
330 352
330 353
330 354
330 355
330 356
330 357
330 358
330 359
330 360
330 361
330 362
330 363
330 364
330 365
330 366
330 367
330 368
330 369
330 370
330 371
330 372
330 373
330 374
330 375
331 351
331 352
331 353
331 354
331 355
331 356
331 357
331 358
331 359
331 360
331 361
331 362
331 363
331 364
331 365
331 366
331 367
331 368
331 369
331 370
331 371
331 372
331 373
331 374
331 375
332 351
332 352
332 353
332 354
332 355
332 356
332 357
332 358
332 359
332 360
332 361
332 362
332 363
332 364
332 365
332 366
332 367
332 368
332 369
332 370
332 371
332 372
332 373
332 374
332 375
333 351
333 352
333 353
333 354
333 355
333 356
333 357
333 358
333 359
333 360
333 361
333 362
333 363
333 364
333 365
333 366
333 367
333 368
333 369
333 370
333 371
333 372
333 373
333 374
333 375
334 351
334 352
334 353
334 354
334 355
334 356
334 357
334 358
334 359
334 360
334 361
334 362
334 363
334 364
334 365
334 366
334 367
334 368
334 369
334 370
334 371
334 372
334 373
334 374
334 375
335 351
335 352
335 353
335 354
335 355
335 356
335 357
335 358
335 359
335 360
335 361
335 362
335 363
335 364
335 365
335 366
335 367
335 368
335 369
335 370
335 371
335 372
335 373
335 374
335 375
336 351
336 352
336 353
336 354
336 355
336 356
336 357
336 358
336 359
336 360
336 361
336 362
336 363
336 364
336 365
336 366
336 367
336 368
336 369
336 370
336 371
336 372
336 373
336 374
336 375
337 351
337 352
337 353
337 354
337 355
337 356
337 357
337 358
337 359
337 360
337 361
337 362
337 363
337 364
337 365
337 366
337 367
337 368
337 369
337 370
337 371
337 372
337 373
337 374
337 375
338 351
338 352
338 353
338 354
338 355
338 356
338 357
338 358
338 359
338 360
338 361
338 362
338 363
338 364
338 365
338 366
338 367
338 368
338 369
338 370
338 371
338 372
338 373
338 374
338 375
339 351
339 352
339 353
339 354
339 355
339 356
339 357
339 358
339 359
339 360
339 361
339 362
339 363
339 364
339 365
339 366
339 367
339 368
339 369
339 370
339 371
339 372
339 373
339 374
339 375
340 351
340 352
340 353
340 354
340 355
340 356
340 357
340 358
340 359
340 360
340 361
340 362
340 363
340 364
340 365
340 366
340 367
340 368
340 369
340 370
340 371
340 372
340 373
340 374
340 375
341 351
341 352
341 353
341 354
341 355
341 356
341 357
341 358
341 359
341 360
341 361
341 362
341 363
341 364
341 365
341 366
341 367
341 368
341 369
341 370
341 371
341 372
341 373
341 374
341 375
342 351
342 352
342 353
342 354
342 355
342 356
342 357
342 358
342 359
342 360
342 361
342 362
342 363
342 364
342 365
342 366
342 367
342 368
342 369
342 370
342 371
342 372
342 373
342 374
342 375
343 351
343 352
343 353
343 354
343 355
343 356
343 357
343 358
343 359
343 360
343 361
343 362
343 363
343 364
343 365
343 366
343 367
343 368
343 369
343 370
343 371
343 372
343 373
343 374
343 375
344 351
344 352
344 353
344 354
344 355
344 356
344 357
344 358
344 359
344 360
344 361
344 362
344 363
344 364
344 365
344 366
344 367
344 368
344 369
344 370
344 371
344 372
344 373
344 374
344 375
345 351
345 352
345 353
345 354
345 355
345 356
345 357
345 358
345 359
345 360
345 361
345 362
345 363
345 364
345 365
345 366
345 367
345 368
345 369
345 370
345 371
345 372
345 373
345 374
345 375
346 351
346 352
346 353
346 354
346 355
346 356
346 357
346 358
346 359
346 360
346 361
346 362
346 363
346 364
346 365
346 366
346 367
346 368
346 369
346 370
346 371
346 372
346 373
346 374
346 375
347 351
347 352
347 353
347 354
347 355
347 356
347 357
347 358
347 359
347 360
347 361
347 362
347 363
347 364
347 365
347 366
347 367
347 368
347 369
347 370
347 371
347 372
347 373
347 374
347 375
348 351
348 352
348 353
348 354
348 355
348 356
348 357
348 358
348 359
348 360
348 361
348 362
348 363
348 364
348 365
348 366
348 367
348 368
348 369
348 370
348 371
348 372
348 373
348 374
348 375
349 351
349 352
349 353
349 354
349 355
349 356
349 357
349 358
349 359
349 360
349 361
349 362
349 363
349 364
349 365
349 366
349 367
349 368
349 369
349 370
349 371
349 372
349 373
349 374
349 375
350 351
350 352
350 353
350 354
350 355
350 356
350 357
350 358
350 359
350 360
350 361
350 362
350 363
350 364
350 365
350 366
350 367
350 368
350 369
350 370
350 371
350 372
350 373
350 374
350 375
351 376
351 377
351 378
351 379
351 380
351 381
351 382
351 383
351 384
351 385
351 386
351 387
351 388
351 389
351 390
351 391
351 392
351 393
351 394
351 395
351 396
351 397
351 398
351 399
351 400
352 376
352 377
352 378
352 379
352 380
352 381
352 382
352 383
352 384
352 385
352 386
352 387
352 388
352 389
352 390
352 391
352 392
352 393
352 394
352 395
352 396
352 397
352 398
352 399
352 400
353 376
353 377
353 378
353 379
353 380
353 381
353 382
353 383
353 384
353 385
353 386
353 387
353 388
353 389
353 390
353 391
353 392
353 393
353 394
353 395
353 396
353 397
353 398
353 399
353 400
354 376
354 377
354 378
354 379
354 380
354 381
354 382
354 383
354 384
354 385
354 386
354 387
354 388
354 389
354 390
354 391
354 392
354 393
354 394
354 395
354 396
354 397
354 398
354 399
354 400
355 376
355 377
355 378
355 379
355 380
355 381
355 382
355 383
355 384
355 385
355 386
355 387
355 388
355 389
355 390
355 391
355 392
355 393
355 394
355 395
355 396
355 397
355 398
355 399
355 400
356 376
356 377
356 378
356 379
356 380
356 381
356 382
356 383
356 384
356 385
356 386
356 387
356 388
356 389
356 390
356 391
356 392
356 393
356 394
356 395
356 396
356 397
356 398
356 399
356 400
357 376
357 377
357 378
357 379
357 380
357 381
357 382
357 383
357 384
357 385
357 386
357 387
357 388
357 389
357 390
357 391
357 392
357 393
357 394
357 395
357 396
357 397
357 398
357 399
357 400
358 376
358 377
358 378
358 379
358 380
358 381
358 382
358 383
358 384
358 385
358 386
358 387
358 388
358 389
358 390
358 391
358 392
358 393
358 394
358 395
358 396
358 397
358 398
358 399
358 400
359 376
359 377
359 378
359 379
359 380
359 381
359 382
359 383
359 384
359 385
359 386
359 387
359 388
359 389
359 390
359 391
359 392
359 393
359 394
359 395
359 396
359 397
359 398
359 399
359 400
360 376
360 377
360 378
360 379
360 380
360 381
360 382
360 383
360 384
360 385
360 386
360 387
360 388
360 389
360 390
360 391
360 392
360 393
360 394
360 395
360 396
360 397
360 398
360 399
360 400
361 376
361 377
361 378
361 379
361 380
361 381
361 382
361 383
361 384
361 385
361 386
361 387
361 388
361 389
361 390
361 391
361 392
361 393
361 394
361 395
361 396
361 397
361 398
361 399
361 400
362 376
362 377
362 378
362 379
362 380
362 381
362 382
362 383
362 384
362 385
362 386
362 387
362 388
362 389
362 390
362 391
362 392
362 393
362 394
362 395
362 396
362 397
362 398
362 399
362 400
363 376
363 377
363 378
363 379
363 380
363 381
363 382
363 383
363 384
363 385
363 386
363 387
363 388
363 389
363 390
363 391
363 392
363 393
363 394
363 395
363 396
363 397
363 398
363 399
363 400
364 376
364 377
364 378
364 379
364 380
364 381
364 382
364 383
364 384
364 385
364 386
364 387
364 388
364 389
364 390
364 391
364 392
364 393
364 394
364 395
364 396
364 397
364 398
364 399
364 400
365 376
365 377
365 378
365 379
365 380
365 381
365 382
365 383
365 384
365 385
365 386
365 387
365 388
365 389
365 390
365 391
365 392
365 393
365 394
365 395
365 396
365 397
365 398
365 399
365 400
366 376
366 377
366 378
366 379
366 380
366 381
366 382
366 383
366 384
366 385
366 386
366 387
366 388
366 389
366 390
366 391
366 392
366 393
366 394
366 395
366 396
366 397
366 398
366 399
366 400
367 376
367 377
367 378
367 379
367 380
367 381
367 382
367 383
367 384
367 385
367 386
367 387
367 388
367 389
367 390
367 391
367 392
367 393
367 394
367 395
367 396
367 397
367 398
367 399
367 400
368 376
368 377
368 378
368 379
368 380
368 381
368 382
368 383
368 384
368 385
368 386
368 387
368 388
368 389
368 390
368 391
368 392
368 393
368 394
368 395
368 396
368 397
368 398
368 399
368 400
369 376
369 377
369 378
369 379
369 380
369 381
369 382
369 383
369 384
369 385
369 386
369 387
369 388
369 389
369 390
369 391
369 392
369 393
369 394
369 395
369 396
369 397
369 398
369 399
369 400
370 376
370 377
370 378
370 379
370 380
370 381
370 382
370 383
370 384
370 385
370 386
370 387
370 388
370 389
370 390
370 391
370 392
370 393
370 394
370 395
370 396
370 397
370 398
370 399
370 400
371 376
371 377
371 378
371 379
371 380
371 381
371 382
371 383
371 384
371 385
371 386
371 387
371 388
371 389
371 390
371 391
371 392
371 393
371 394
371 395
371 396
371 397
371 398
371 399
371 400
372 376
372 377
372 378
372 379
372 380
372 381
372 382
372 383
372 384
372 385
372 386
372 387
372 388
372 389
372 390
372 391
372 392
372 393
372 394
372 395
372 396
372 397
372 398
372 399
372 400
373 376
373 377
373 378
373 379
373 380
373 381
373 382
373 383
373 384
373 385
373 386
373 387
373 388
373 389
373 390
373 391
373 392
373 393
373 394
373 395
373 396
373 397
373 398
373 399
373 400
374 376
374 377
374 378
374 379
374 380
374 381
374 382
374 383
374 384
374 385
374 386
374 387
374 388
374 389
374 390
374 391
374 392
374 393
374 394
374 395
374 396
374 397
374 398
374 399
374 400
375 376
375 377
375 378
375 379
375 380
375 381
375 382
375 383
375 384
375 385
375 386
375 387
375 388
375 389
375 390
375 391
375 392
375 393
375 394
375 395
375 396
375 397
375 398
375 399
375 400
376 401
376 402
376 403
376 404
376 405
376 406
376 407
376 408
376 409
376 410
376 411
376 412
376 413
376 414
376 415
376 416
376 417
376 418
376 419
376 420
376 421
376 422
376 423
376 424
376 425
377 401
377 402
377 403
377 404
377 405
377 406
377 407
377 408
377 409
377 410
377 411
377 412
377 413
377 414
377 415
377 416
377 417
377 418
377 419
377 420
377 421
377 422
377 423
377 424
377 425
378 401
378 402
378 403
378 404
378 405
378 406
378 407
378 408
378 409
378 410
378 411
378 412
378 413
378 414
378 415
378 416
378 417
378 418
378 419
378 420
378 421
378 422
378 423
378 424
378 425
379 401
379 402
379 403
379 404
379 405
379 406
379 407
379 408
379 409
379 410
379 411
379 412
379 413
379 414
379 415
379 416
379 417
379 418
379 419
379 420
379 421
379 422
379 423
379 424
379 425
380 401
380 402
380 403
380 404
380 405
380 406
380 407
380 408
380 409
380 410
380 411
380 412
380 413
380 414
380 415
380 416
380 417
380 418
380 419
380 420
380 421
380 422
380 423
380 424
380 425
381 401
381 402
381 403
381 404
381 405
381 406
381 407
381 408
381 409
381 410
381 411
381 412
381 413
381 414
381 415
381 416
381 417
381 418
381 419
381 420
381 421
381 422
381 423
381 424
381 425
382 401
382 402
382 403
382 404
382 405
382 406
382 407
382 408
382 409
382 410
382 411
382 412
382 413
382 414
382 415
382 416
382 417
382 418
382 419
382 420
382 421
382 422
382 423
382 424
382 425
383 401
383 402
383 403
383 404
383 405
383 406
383 407
383 408
383 409
383 410
383 411
383 412
383 413
383 414
383 415
383 416
383 417
383 418
383 419
383 420
383 421
383 422
383 423
383 424
383 425
384 401
384 402
384 403
384 404
384 405
384 406
384 407
384 408
384 409
384 410
384 411
384 412
384 413
384 414
384 415
384 416
384 417
384 418
384 419
384 420
384 421
384 422
384 423
384 424
384 425
385 401
385 402
385 403
385 404
385 405
385 406
385 407
385 408
385 409
385 410
385 411
385 412
385 413
385 414
385 415
385 416
385 417
385 418
385 419
385 420
385 421
385 422
385 423
385 424
385 425
386 401
386 402
386 403
386 404
386 405
386 406
386 407
386 408
386 409
386 410
386 411
386 412
386 413
386 414
386 415
386 416
386 417
386 418
386 419
386 420
386 421
386 422
386 423
386 424
386 425
387 401
387 402
387 403
387 404
387 405
387 406
387 407
387 408
387 409
387 410
387 411
387 412
387 413
387 414
387 415
387 416
387 417
387 418
387 419
387 420
387 421
387 422
387 423
387 424
387 425
388 401
388 402
388 403
388 404
388 405
388 406
388 407
388 408
388 409
388 410
388 411
388 412
388 413
388 414
388 415
388 416
388 417
388 418
388 419
388 420
388 421
388 422
388 423
388 424
388 425
389 401
389 402
389 403
389 404
389 405
389 406
389 407
389 408
389 409
389 410
389 411
389 412
389 413
389 414
389 415
389 416
389 417
389 418
389 419
389 420
389 421
389 422
389 423
389 424
389 425
390 401
390 402
390 403
390 404
390 405
390 406
390 407
390 408
390 409
390 410
390 411
390 412
390 413
390 414
390 415
390 416
390 417
390 418
390 419
390 420
390 421
390 422
390 423
390 424
390 425
391 401
391 402
391 403
391 404
391 405
391 406
391 407
391 408
391 409
391 410
391 411
391 412
391 413
391 414
391 415
391 416
391 417
391 418
391 419
391 420
391 421
391 422
391 423
391 424
391 425
392 401
392 402
392 403
392 404
392 405
392 406
392 407
392 408
392 409
392 410
392 411
392 412
392 413
392 414
392 415
392 416
392 417
392 418
392 419
392 420
392 421
392 422
392 423
392 424
392 425
393 401
393 402
393 403
393 404
393 405
393 406
393 407
393 408
393 409
393 410
393 411
393 412
393 413
393 414
393 415
393 416
393 417
393 418
393 419
393 420
393 421
393 422
393 423
393 424
393 425
394 401
394 402
394 403
394 404
394 405
394 406
394 407
394 408
394 409
394 410
394 411
394 412
394 413
394 414
394 415
394 416
394 417
394 418
394 419
394 420
394 421
394 422
394 423
394 424
394 425
395 401
395 402
395 403
395 404
395 405
395 406
395 407
395 408
395 409
395 410
395 411
395 412
395 413
395 414
395 415
395 416
395 417
395 418
395 419
395 420
395 421
395 422
395 423
395 424
395 425
396 401
396 402
396 403
396 404
396 405
396 406
396 407
396 408
396 409
396 410
396 411
396 412
396 413
396 414
396 415
396 416
396 417
396 418
396 419
396 420
396 421
396 422
396 423
396 424
396 425
397 401
397 402
397 403
397 404
397 405
397 406
397 407
397 408
397 409
397 410
397 411
397 412
397 413
397 414
397 415
397 416
397 417
397 418
397 419
397 420
397 421
397 422
397 423
397 424
397 425
398 401
398 402
398 403
398 404
398 405
398 406
398 407
398 408
398 409
398 410
398 411
398 412
398 413
398 414
398 415
398 416
398 417
398 418
398 419
398 420
398 421
398 422
398 423
398 424
398 425
399 401
399 402
399 403
399 404
399 405
399 406
399 407
399 408
399 409
399 410
399 411
399 412
399 413
399 414
399 415
399 416
399 417
399 418
399 419
399 420
399 421
399 422
399 423
399 424
399 425
400 401
400 402
400 403
400 404
400 405
400 406
400 407
400 408
400 409
400 410
400 411
400 412
400 413
400 414
400 415
400 416
400 417
400 418
400 419
400 420
400 421
400 422
400 423
400 424
400 425
401 426
401 427
401 428
401 429
401 430
401 431
401 432
401 433
401 434
401 435
401 436
401 437
401 438
401 439
401 440
401 441
401 442
401 443
401 444
401 445
401 446
401 447
401 448
401 449
401 450
402 426
402 427
402 428
402 429
402 430
402 431
402 432
402 433
402 434
402 435
402 436
402 437
402 438
402 439
402 440
402 441
402 442
402 443
402 444
402 445
402 446
402 447
402 448
402 449
402 450
403 426
403 427
403 428
403 429
403 430
403 431
403 432
403 433
403 434
403 435
403 436
403 437
403 438
403 439
403 440
403 441
403 442
403 443
403 444
403 445
403 446
403 447
403 448
403 449
403 450
404 426
404 427
404 428
404 429
404 430
404 431
404 432
404 433
404 434
404 435
404 436
404 437
404 438
404 439
404 440
404 441
404 442
404 443
404 444
404 445
404 446
404 447
404 448
404 449
404 450
405 426
405 427
405 428
405 429
405 430
405 431
405 432
405 433
405 434
405 435
405 436
405 437
405 438
405 439
405 440
405 441
405 442
405 443
405 444
405 445
405 446
405 447
405 448
405 449
405 450
406 426
406 427
406 428
406 429
406 430
406 431
406 432
406 433
406 434
406 435
406 436
406 437
406 438
406 439
406 440
406 441
406 442
406 443
406 444
406 445
406 446
406 447
406 448
406 449
406 450
407 426
407 427
407 428
407 429
407 430
407 431
407 432
407 433
407 434
407 435
407 436
407 437
407 438
407 439
407 440
407 441
407 442
407 443
407 444
407 445
407 446
407 447
407 448
407 449
407 450
408 426
408 427
408 428
408 429
408 430
408 431
408 432
408 433
408 434
408 435
408 436
408 437
408 438
408 439
408 440
408 441
408 442
408 443
408 444
408 445
408 446
408 447
408 448
408 449
408 450
409 426
409 427
409 428
409 429
409 430
409 431
409 432
409 433
409 434
409 435
409 436
409 437
409 438
409 439
409 440
409 441
409 442
409 443
409 444
409 445
409 446
409 447
409 448
409 449
409 450
410 426
410 427
410 428
410 429
410 430
410 431
410 432
410 433
410 434
410 435
410 436
410 437
410 438
410 439
410 440
410 441
410 442
410 443
410 444
410 445
410 446
410 447
410 448
410 449
410 450
411 426
411 427
411 428
411 429
411 430
411 431
411 432
411 433
411 434
411 435
411 436
411 437
411 438
411 439
411 440
411 441
411 442
411 443
411 444
411 445
411 446
411 447
411 448
411 449
411 450
412 426
412 427
412 428
412 429
412 430
412 431
412 432
412 433
412 434
412 435
412 436
412 437
412 438
412 439
412 440
412 441
412 442
412 443
412 444
412 445
412 446
412 447
412 448
412 449
412 450
413 426
413 427
413 428
413 429
413 430
413 431
413 432
413 433
413 434
413 435
413 436
413 437
413 438
413 439
413 440
413 441
413 442
413 443
413 444
413 445
413 446
413 447
413 448
413 449
413 450
414 426
414 427
414 428
414 429
414 430
414 431
414 432
414 433
414 434
414 435
414 436
414 437
414 438
414 439
414 440
414 441
414 442
414 443
414 444
414 445
414 446
414 447
414 448
414 449
414 450
415 426
415 427
415 428
415 429
415 430
415 431
415 432
415 433
415 434
415 435
415 436
415 437
415 438
415 439
415 440
415 441
415 442
415 443
415 444
415 445
415 446
415 447
415 448
415 449
415 450
416 426
416 427
416 428
416 429
416 430
416 431
416 432
416 433
416 434
416 435
416 436
416 437
416 438
416 439
416 440
416 441
416 442
416 443
416 444
416 445
416 446
416 447
416 448
416 449
416 450
417 426
417 427
417 428
417 429
417 430
417 431
417 432
417 433
417 434
417 435
417 436
417 437
417 438
417 439
417 440
417 441
417 442
417 443
417 444
417 445
417 446
417 447
417 448
417 449
417 450
418 426
418 427
418 428
418 429
418 430
418 431
418 432
418 433
418 434
418 435
418 436
418 437
418 438
418 439
418 440
418 441
418 442
418 443
418 444
418 445
418 446
418 447
418 448
418 449
418 450
419 426
419 427
419 428
419 429
419 430
419 431
419 432
419 433
419 434
419 435
419 436
419 437
419 438
419 439
419 440
419 441
419 442
419 443
419 444
419 445
419 446
419 447
419 448
419 449
419 450
420 426
420 427
420 428
420 429
420 430
420 431
420 432
420 433
420 434
420 435
420 436
420 437
420 438
420 439
420 440
420 441
420 442
420 443
420 444
420 445
420 446
420 447
420 448
420 449
420 450
421 426
421 427
421 428
421 429
421 430
421 431
421 432
421 433
421 434
421 435
421 436
421 437
421 438
421 439
421 440
421 441
421 442
421 443
421 444
421 445
421 446
421 447
421 448
421 449
421 450
422 426
422 427
422 428
422 429
422 430
422 431
422 432
422 433
422 434
422 435
422 436
422 437
422 438
422 439
422 440
422 441
422 442
422 443
422 444
422 445
422 446
422 447
422 448
422 449
422 450
423 426
423 427
423 428
423 429
423 430
423 431
423 432
423 433
423 434
423 435
423 436
423 437
423 438
423 439
423 440
423 441
423 442
423 443
423 444
423 445
423 446
423 447
423 448
423 449
423 450
424 426
424 427
424 428
424 429
424 430
424 431
424 432
424 433
424 434
424 435
424 436
424 437
424 438
424 439
424 440
424 441
424 442
424 443
424 444
424 445
424 446
424 447
424 448
424 449
424 450
425 426
425 427
425 428
425 429
425 430
425 431
425 432
425 433
425 434
425 435
425 436
425 437
425 438
425 439
425 440
425 441
425 442
425 443
425 444
425 445
425 446
425 447
425 448
425 449
425 450
426 451
426 452
426 453
426 454
426 455
426 456
426 457
426 458
426 459
426 460
426 461
426 462
426 463
426 464
426 465
426 466
426 467
426 468
426 469
426 470
426 471
426 472
426 473
426 474
426 475
427 451
427 452
427 453
427 454
427 455
427 456
427 457
427 458
427 459
427 460
427 461
427 462
427 463
427 464
427 465
427 466
427 467
427 468
427 469
427 470
427 471
427 472
427 473
427 474
427 475
428 451
428 452
428 453
428 454
428 455
428 456
428 457
428 458
428 459
428 460
428 461
428 462
428 463
428 464
428 465
428 466
428 467
428 468
428 469
428 470
428 471
428 472
428 473
428 474
428 475
429 451
429 452
429 453
429 454
429 455
429 456
429 457
429 458
429 459
429 460
429 461
429 462
429 463
429 464
429 465
429 466
429 467
429 468
429 469
429 470
429 471
429 472
429 473
429 474
429 475
430 451
430 452
430 453
430 454
430 455
430 456
430 457
430 458
430 459
430 460
430 461
430 462
430 463
430 464
430 465
430 466
430 467
430 468
430 469
430 470
430 471
430 472
430 473
430 474
430 475
431 451
431 452
431 453
431 454
431 455
431 456
431 457
431 458
431 459
431 460
431 461
431 462
431 463
431 464
431 465
431 466
431 467
431 468
431 469
431 470
431 471
431 472
431 473
431 474
431 475
432 451
432 452
432 453
432 454
432 455
432 456
432 457
432 458
432 459
432 460
432 461
432 462
432 463
432 464
432 465
432 466
432 467
432 468
432 469
432 470
432 471
432 472
432 473
432 474
432 475
433 451
433 452
433 453
433 454
433 455
433 456
433 457
433 458
433 459
433 460
433 461
433 462
433 463
433 464
433 465
433 466
433 467
433 468
433 469
433 470
433 471
433 472
433 473
433 474
433 475
434 451
434 452
434 453
434 454
434 455
434 456
434 457
434 458
434 459
434 460
434 461
434 462
434 463
434 464
434 465
434 466
434 467
434 468
434 469
434 470
434 471
434 472
434 473
434 474
434 475
435 451
435 452
435 453
435 454
435 455
435 456
435 457
435 458
435 459
435 460
435 461
435 462
435 463
435 464
435 465
435 466
435 467
435 468
435 469
435 470
435 471
435 472
435 473
435 474
435 475
436 451
436 452
436 453
436 454
436 455
436 456
436 457
436 458
436 459
436 460
436 461
436 462
436 463
436 464
436 465
436 466
436 467
436 468
436 469
436 470
436 471
436 472
436 473
436 474
436 475
437 451
437 452
437 453
437 454
437 455
437 456
437 457
437 458
437 459
437 460
437 461
437 462
437 463
437 464
437 465
437 466
437 467
437 468
437 469
437 470
437 471
437 472
437 473
437 474
437 475
438 451
438 452
438 453
438 454
438 455
438 456
438 457
438 458
438 459
438 460
438 461
438 462
438 463
438 464
438 465
438 466
438 467
438 468
438 469
438 470
438 471
438 472
438 473
438 474
438 475
439 451
439 452
439 453
439 454
439 455
439 456
439 457
439 458
439 459
439 460
439 461
439 462
439 463
439 464
439 465
439 466
439 467
439 468
439 469
439 470
439 471
439 472
439 473
439 474
439 475
440 451
440 452
440 453
440 454
440 455
440 456
440 457
440 458
440 459
440 460
440 461
440 462
440 463
440 464
440 465
440 466
440 467
440 468
440 469
440 470
440 471
440 472
440 473
440 474
440 475
441 451
441 452
441 453
441 454
441 455
441 456
441 457
441 458
441 459
441 460
441 461
441 462
441 463
441 464
441 465
441 466
441 467
441 468
441 469
441 470
441 471
441 472
441 473
441 474
441 475
442 451
442 452
442 453
442 454
442 455
442 456
442 457
442 458
442 459
442 460
442 461
442 462
442 463
442 464
442 465
442 466
442 467
442 468
442 469
442 470
442 471
442 472
442 473
442 474
442 475
443 451
443 452
443 453
443 454
443 455
443 456
443 457
443 458
443 459
443 460
443 461
443 462
443 463
443 464
443 465
443 466
443 467
443 468
443 469
443 470
443 471
443 472
443 473
443 474
443 475
444 451
444 452
444 453
444 454
444 455
444 456
444 457
444 458
444 459
444 460
444 461
444 462
444 463
444 464
444 465
444 466
444 467
444 468
444 469
444 470
444 471
444 472
444 473
444 474
444 475
445 451
445 452
445 453
445 454
445 455
445 456
445 457
445 458
445 459
445 460
445 461
445 462
445 463
445 464
445 465
445 466
445 467
445 468
445 469
445 470
445 471
445 472
445 473
445 474
445 475
446 451
446 452
446 453
446 454
446 455
446 456
446 457
446 458
446 459
446 460
446 461
446 462
446 463
446 464
446 465
446 466
446 467
446 468
446 469
446 470
446 471
446 472
446 473
446 474
446 475
447 451
447 452
447 453
447 454
447 455
447 456
447 457
447 458
447 459
447 460
447 461
447 462
447 463
447 464
447 465
447 466
447 467
447 468
447 469
447 470
447 471
447 472
447 473
447 474
447 475
448 451
448 452
448 453
448 454
448 455
448 456
448 457
448 458
448 459
448 460
448 461
448 462
448 463
448 464
448 465
448 466
448 467
448 468
448 469
448 470
448 471
448 472
448 473
448 474
448 475
449 451
449 452
449 453
449 454
449 455
449 456
449 457
449 458
449 459
449 460
449 461
449 462
449 463
449 464
449 465
449 466
449 467
449 468
449 469
449 470
449 471
449 472
449 473
449 474
449 475
450 451
450 452
450 453
450 454
450 455
450 456
450 457
450 458
450 459
450 460
450 461
450 462
450 463
450 464
450 465
450 466
450 467
450 468
450 469
450 470
450 471
450 472
450 473
450 474
450 475
451 476
451 477
451 478
451 479
451 480
451 481
451 482
451 483
451 484
451 485
451 486
451 487
451 488
451 489
451 490
451 491
451 492
451 493
451 494
451 495
451 496
451 497
451 498
451 499
451 500
452 476
452 477
452 478
452 479
452 480
452 481
452 482
452 483
452 484
452 485
452 486
452 487
452 488
452 489
452 490
452 491
452 492
452 493
452 494
452 495
452 496
452 497
452 498
452 499
452 500
453 476
453 477
453 478
453 479
453 480
453 481
453 482
453 483
453 484
453 485
453 486
453 487
453 488
453 489
453 490
453 491
453 492
453 493
453 494
453 495
453 496
453 497
453 498
453 499
453 500
454 476
454 477
454 478
454 479
454 480
454 481
454 482
454 483
454 484
454 485
454 486
454 487
454 488
454 489
454 490
454 491
454 492
454 493
454 494
454 495
454 496
454 497
454 498
454 499
454 500
455 476
455 477
455 478
455 479
455 480
455 481
455 482
455 483
455 484
455 485
455 486
455 487
455 488
455 489
455 490
455 491
455 492
455 493
455 494
455 495
455 496
455 497
455 498
455 499
455 500
456 476
456 477
456 478
456 479
456 480
456 481
456 482
456 483
456 484
456 485
456 486
456 487
456 488
456 489
456 490
456 491
456 492
456 493
456 494
456 495
456 496
456 497
456 498
456 499
456 500
457 476
457 477
457 478
457 479
457 480
457 481
457 482
457 483
457 484
457 485
457 486
457 487
457 488
457 489
457 490
457 491
457 492
457 493
457 494
457 495
457 496
457 497
457 498
457 499
457 500
458 476
458 477
458 478
458 479
458 480
458 481
458 482
458 483
458 484
458 485
458 486
458 487
458 488
458 489
458 490
458 491
458 492
458 493
458 494
458 495
458 496
458 497
458 498
458 499
458 500
459 476
459 477
459 478
459 479
459 480
459 481
459 482
459 483
459 484
459 485
459 486
459 487
459 488
459 489
459 490
459 491
459 492
459 493
459 494
459 495
459 496
459 497
459 498
459 499
459 500
460 476
460 477
460 478
460 479
460 480
460 481
460 482
460 483
460 484
460 485
460 486
460 487
460 488
460 489
460 490
460 491
460 492
460 493
460 494
460 495
460 496
460 497
460 498
460 499
460 500
461 476
461 477
461 478
461 479
461 480
461 481
461 482
461 483
461 484
461 485
461 486
461 487
461 488
461 489
461 490
461 491
461 492
461 493
461 494
461 495
461 496
461 497
461 498
461 499
461 500
462 476
462 477
462 478
462 479
462 480
462 481
462 482
462 483
462 484
462 485
462 486
462 487
462 488
462 489
462 490
462 491
462 492
462 493
462 494
462 495
462 496
462 497
462 498
462 499
462 500
463 476
463 477
463 478
463 479
463 480
463 481
463 482
463 483
463 484
463 485
463 486
463 487
463 488
463 489
463 490
463 491
463 492
463 493
463 494
463 495
463 496
463 497
463 498
463 499
463 500
464 476
464 477
464 478
464 479
464 480
464 481
464 482
464 483
464 484
464 485
464 486
464 487
464 488
464 489
464 490
464 491
464 492
464 493
464 494
464 495
464 496
464 497
464 498
464 499
464 500
465 476
465 477
465 478
465 479
465 480
465 481
465 482
465 483
465 484
465 485
465 486
465 487
465 488
465 489
465 490
465 491
465 492
465 493
465 494
465 495
465 496
465 497
465 498
465 499
465 500
466 476
466 477
466 478
466 479
466 480
466 481
466 482
466 483
466 484
466 485
466 486
466 487
466 488
466 489
466 490
466 491
466 492
466 493
466 494
466 495
466 496
466 497
466 498
466 499
466 500
467 476
467 477
467 478
467 479
467 480
467 481
467 482
467 483
467 484
467 485
467 486
467 487
467 488
467 489
467 490
467 491
467 492
467 493
467 494
467 495
467 496
467 497
467 498
467 499
467 500
468 476
468 477
468 478
468 479
468 480
468 481
468 482
468 483
468 484
468 485
468 486
468 487
468 488
468 489
468 490
468 491
468 492
468 493
468 494
468 495
468 496
468 497
468 498
468 499
468 500
469 476
469 477
469 478
469 479
469 480
469 481
469 482
469 483
469 484
469 485
469 486
469 487
469 488
469 489
469 490
469 491
469 492
469 493
469 494
469 495
469 496
469 497
469 498
469 499
469 500
470 476
470 477
470 478
470 479
470 480
470 481
470 482
470 483
470 484
470 485
470 486
470 487
470 488
470 489
470 490
470 491
470 492
470 493
470 494
470 495
470 496
470 497
470 498
470 499
470 500
471 476
471 477
471 478
471 479
471 480
471 481
471 482
471 483
471 484
471 485
471 486
471 487
471 488
471 489
471 490
471 491
471 492
471 493
471 494
471 495
471 496
471 497
471 498
471 499
471 500
472 476
472 477
472 478
472 479
472 480
472 481
472 482
472 483
472 484
472 485
472 486
472 487
472 488
472 489
472 490
472 491
472 492
472 493
472 494
472 495
472 496
472 497
472 498
472 499
472 500
473 476
473 477
473 478
473 479
473 480
473 481
473 482
473 483
473 484
473 485
473 486
473 487
473 488
473 489
473 490
473 491
473 492
473 493
473 494
473 495
473 496
473 497
473 498
473 499
473 500
474 476
474 477
474 478
474 479
474 480
474 481
474 482
474 483
474 484
474 485
474 486
474 487
474 488
474 489
474 490
474 491
474 492
474 493
474 494
474 495
474 496
474 497
474 498
474 499
474 500
475 476
475 477
475 478
475 479
475 480
475 481
475 482
475 483
475 484
475 485
475 486
475 487
475 488
475 489
475 490
475 491
475 492
475 493
475 494
475 495
475 496
475 497
475 498
475 499
475 500
476 501
477 501
478 501
479 501
480 501
481 501
482 501
483 501
484 501
485 501
486 501
487 501
488 501
489 501
490 501
491 501
492 501
493 501
494 501
495 501
496 501
497 501
498 501
499 501
500 501
