0 1
0 2
0 3
0 4
0 5
0 6
0 7
0 8
0 9
0 10
1 11
1 12
1 13
1 14
1 15
1 16
1 17
1 18
1 19
1 20
2 11
2 12
2 13
2 14
2 15
2 16
2 17
2 18
2 19
2 20
3 11
3 12
3 13
3 14
3 15
3 16
3 17
3 18
3 19
3 20
4 11
4 12
4 13
4 14
4 15
4 16
4 17
4 18
4 19
4 20
5 11
5 12
5 13
5 14
5 15
5 16
5 17
5 18
5 19
5 20
6 11
6 12
6 13
6 14
6 15
6 16
6 17
6 18
6 19
6 20
7 11
7 12
7 13
7 14
7 15
7 16
7 17
7 18
7 19
7 20
8 11
8 12
8 13
8 14
8 15
8 16
8 17
8 18
8 19
8 20
9 11
9 12
9 13
9 14
9 15
9 16
9 17
9 18
9 19
9 20
10 11
10 12
10 13
10 14
10 15
10 16
10 17
10 18
10 19
10 20
11 21
11 22
11 23
11 24
11 25
11 26
11 27
11 28
11 29
11 30
12 21
12 22
12 23
12 24
12 25
12 26
12 27
12 28
12 29
12 30
13 21
13 22
13 23
13 24
13 25
13 26
13 27
13 28
13 29
13 30
14 21
14 22
14 23
14 24
14 25
14 26
14 27
14 28
14 29
14 30
15 21
15 22
15 23
15 24
15 25
15 26
15 27
15 28
15 29
15 30
16 21
16 22
16 23
16 24
16 25
16 26
16 27
16 28
16 29
16 30
17 21
17 22
17 23
17 24
17 25
17 26
17 27
17 28
17 29
17 30
18 21
18 22
18 23
18 24
18 25
18 26
18 27
18 28
18 29
18 30
19 21
19 22
19 23
19 24
19 25
19 26
19 27
19 28
19 29
19 30
20 21
20 22
20 23
20 24
20 25
20 26
20 27
20 28
20 29
20 30
21 31
21 32
21 33
21 34
21 35
21 36
21 37
21 38
21 39
21 40
22 31
22 32
22 33
22 34
22 35
22 36
22 37
22 38
22 39
22 40
23 31
23 32
23 33
23 34
23 35
23 36
23 37
23 38
23 39
23 40
24 31
24 32
24 33
24 34
24 35
24 36
24 37
24 38
24 39
24 40
25 31
25 32
25 33
25 34
25 35
25 36
25 37
25 38
25 39
25 40
26 31
26 32
26 33
26 34
26 35
26 36
26 37
26 38
26 39
26 40
27 31
27 32
27 33
27 34
27 35
27 36
27 37
27 38
27 39
27 40
28 31
28 32
28 33
28 34
28 35
28 36
28 37
28 38
28 39
28 40
29 31
29 32
29 33
29 34
29 35
29 36
29 37
29 38
29 39
29 40
30 31
30 32
30 33
30 34
30 35
30 36
30 37
30 38
30 39
30 40
31 41
31 42
31 43
31 44
31 45
31 46
31 47
31 48
31 49
31 50
32 41
32 42
32 43
32 44
32 45
32 46
32 47
32 48
32 49
32 50
33 41
33 42
33 43
33 44
33 45
33 46
33 47
33 48
33 49
33 50
34 41
34 42
34 43
34 44
34 45
34 46
34 47
34 48
34 49
34 50
35 41
35 42
35 43
35 44
35 45
35 46
35 47
35 48
35 49
35 50
36 41
36 42
36 43
36 44
36 45
36 46
36 47
36 48
36 49
36 50
37 41
37 42
37 43
37 44
37 45
37 46
37 47
37 48
37 49
37 50
38 41
38 42
38 43
38 44
38 45
38 46
38 47
38 48
38 49
38 50
39 41
39 42
39 43
39 44
39 45
39 46
39 47
39 48
39 49
39 50
40 41
40 42
40 43
40 44
40 45
40 46
40 47
40 48
40 49
40 50
41 51
42 51
43 51
44 51
45 51
46 51
47 51
48 51
49 51
50 51
