7 17
7 12
7 21
7 30
7 16
7 11
7 25
7 20
7 29
7 15
7 24
7 10
7 19
7 14
7 23
7 32
7 18
7 27
7 13
7 31
17 25
17 20
17 29
17 33
17 28
17 32
17 22
17 26
15 30
15 16
15 25
15 20
15 29
15 33
15 19
15 28
15 23
15 32
15 18
15 27
15 17
18 26
18 25
18 20
18 29
18 24
18 28
18 32
18 31
0 5
0 14
0 23
0 9
0 18
0 27
0 4
0 13
0 22
0 31
0 8
0 17
0 3
0 12
0 21
0 7
0 16
0 2
0 25
0 11
0 20
0 29
0 6
0 15
0 24
0 1
0 10
0 19
0 28
5 27
5 22
5 31
5 8
5 17
5 26
5 12
5 30
5 25
5 11
5 20
5 15
5 24
5 33
5 10
5 19
5 28
5 14
5 32
5 9
5 18
5 13
14 24
14 19
14 28
14 23
14 18
14 27
14 22
14 17
14 21
14 16
14 25
14 20
14 29
11 23
11 32
11 18
11 27
11 13
11 22
11 17
11 21
11 30
11 16
11 25
11 20
11 15
11 24
11 19
11 28
23 29
23 33
23 28
23 32
23 27
23 30
2 32
2 13
2 22
2 31
2 8
2 17
2 26
2 12
2 30
2 7
2 16
2 11
2 20
2 6
2 15
2 24
2 10
2 19
2 28
2 5
2 14
2 23
2 9
2 18
2 4
3 6
3 15
3 24
3 33
3 10
3 19
3 14
3 23
3 9
3 18
3 4
3 13
3 31
3 8
3 17
3 26
3 12
3 21
3 7
3 16
3 25
3 11
3 20
3 29
6 29
6 15
6 24
6 33
6 10
6 19
6 28
6 14
6 23
6 32
6 9
6 18
6 13
6 22
6 31
6 8
6 17
6 26
6 21
6 7
6 16
6 25
6 11
6 20
22 28
22 31
22 30
22 25
22 29
22 33
24 32
24 27
24 31
24 30
24 33
24 28
16 32
16 18
16 27
16 17
16 21
16 30
16 25
16 20
16 29
16 24
16 33
16 28
16 23
12 20
12 29
12 15
12 24
12 33
12 19
12 28
12 14
12 23
12 18
12 13
12 17
12 21
12 30
21 32
21 27
21 31
21 26
21 25
21 28
21 23
9 30
9 25
9 11
9 20
9 15
9 24
9 33
9 10
9 19
9 14
9 23
9 18
9 13
9 22
9 17
9 26
9 12
9 16
10 22
10 31
10 17
10 26
10 21
10 30
10 16
10 29
10 15
10 24
10 33
10 19
10 28
10 14
10 23
10 32
10 18
10 13
19 27
19 30
19 25
19 29
19 24
19 33
19 28
13 32
13 27
13 17
13 21
13 30
13 16
13 25
13 20
13 29
13 24
13 33
13 19
13 28
13 23
13 18
8 32
8 13
8 22
8 31
8 17
8 26
8 12
8 21
8 30
8 16
8 11
8 25
8 15
8 24
8 33
8 10
8 19
8 14
8 23
20 29
20 33
20 28
20 27
20 22
20 30
20 25
4 30
4 25
4 11
4 20
4 15
4 24
4 33
4 10
4 19
4 28
4 14
4 9
4 23
4 32
4 18
4 13
4 22
4 31
4 8
4 17
4 12
4 21
4 7
4 16
1 29
1 15
1 24
1 33
1 10
1 19
1 5
1 14
1 23
1 32
1 9
1 4
1 13
1 22
1 31
1 8
1 17
1 26
1 12
1 7
1 16
1 25
1 11
1 20
1 6
