6 18
6 11
6 20
6 13
6 29
6 22
6 31
6 15
6 33
6 26
6 10
6 19
6 28
6 21
6 23
6 32
6 16
18 26
18 28
18 32
18 25
18 29
18 31
16 20
16 29
16 24
16 33
16 17
16 28
16 30
16 32
16 25
16 18
16 27
20 29
20 33
20 28
20 30
20 25
20 27
7 17
7 19
7 21
7 30
7 14
7 23
7 16
7 11
7 32
7 18
7 27
7 20
7 29
7 13
7 31
7 15
7 24
17 32
17 25
17 33
17 29
17 26
17 28
1 31
1 15
1 24
1 33
1 26
1 10
1 19
1 12
1 23
1 32
1 7
1 16
1 25
1 9
1 20
1 4
1 13
1 6
1 29
1 22
13 33
13 24
13 18
13 28
13 30
13 23
13 32
13 25
13 27
13 20
13 29
15 30
15 23
15 32
15 25
15 18
15 27
15 20
15 29
15 33
15 19
15 28
24 33
24 28
24 30
24 32
24 27
24 31
3 13
3 31
3 6
3 24
3 33
3 17
3 26
3 19
3 12
3 21
3 14
3 23
3 7
3 16
3 25
3 9
3 18
3 4
3 20
3 29
0 5
0 14
0 7
0 16
0 25
0 18
0 27
0 11
0 20
0 29
0 4
0 13
0 22
0 31
0 6
0 24
0 8
0 17
0 1
0 10
0 19
0 28
0 3
0 12
5 19
5 28
5 12
5 30
5 14
5 32
5 25
5 9
5 11
5 13
5 27
5 20
5 22
5 31
5 33
5 17
5 26
19 27
19 29
19 33
19 28
19 30
19 25
14 22
14 24
14 19
14 28
14 21
14 23
14 25
14 18
14 27
14 20
14 29
22 28
22 30
22 25
22 29
22 31
22 33
9 17
9 26
9 19
9 30
9 23
9 25
9 18
9 20
9 22
9 24
9 33
2 11
2 32
2 4
2 20
2 22
2 31
2 6
2 15
2 24
2 17
2 26
2 10
2 19
2 28
2 12
2 30
2 23
2 16
2 9
11 23
11 32
11 18
11 27
11 20
11 22
11 24
11 17
11 28
11 21
11 30
4 30
4 23
4 32
4 25
4 18
4 20
4 22
4 31
4 15
4 24
4 33
4 17
4 19
4 28
4 12
4 21
4 14
23 27
23 29
23 33
23 28
23 30
23 32
12 18
12 20
12 29
12 24
12 33
12 17
12 19
12 28
12 21
12 30
12 23
8 11
8 32
8 25
8 13
8 22
8 31
8 15
8 24
8 33
8 17
8 26
8 19
8 12
8 21
8 30
8 14
8 23
10 29
10 22
10 31
10 24
10 33
10 26
10 28
10 21
10 30
10 32
10 23
21 32
21 25
21 27
21 31
21 26
21 28
