15 21
15 30
15 39
15 25
15 34
15 20
15 29
15 38
15 24
15 33
15 19
15 28
15 37
15 32
15 18
15 41
15 27
15 36
15 31
15 40
15 17
15 26
15 35
21 32
21 41
21 27
21 31
21 40
21 26
21 35
21 30
21 39
21 25
21 29
21 38
7 17
7 26
7 35
7 12
7 21
7 30
7 16
7 11
7 39
7 25
7 34
7 29
7 38
7 15
7 24
7 33
7 10
7 19
7 28
7 37
7 14
7 23
7 9
7 41
7 18
7 27
7 36
7 13
7 31
7 40
17 39
17 25
17 34
17 29
17 38
17 28
17 37
17 23
17 32
17 41
17 27
17 36
17 22
17 31
17 40
17 26
17 21
30 41
30 36
30 40
30 35
30 39
30 34
30 38
30 37
18 26
18 21
18 30
18 39
18 25
18 34
18 29
18 38
18 28
18 37
18 23
18 32
18 27
18 36
18 22
18 31
18 40
26 39
26 29
26 38
26 37
26 32
26 41
26 36
26 31
26 40
26 35
39 41
35 41
35 39
35 38
35 37
8 9
8 18
8 32
8 41
8 27
8 13
8 22
8 31
8 17
8 26
8 35
8 12
8 21
8 30
8 16
8 11
8 39
8 25
8 34
8 20
8 29
8 38
8 15
8 24
8 33
8 10
8 19
8 28
8 37
8 14
8 23
9 39
9 25
9 34
9 20
9 29
9 15
9 24
9 33
9 19
9 28
9 14
9 37
9 23
9 32
9 41
9 18
9 27
9 36
9 13
9 40
9 17
9 26
9 35
9 21
9 16
0 5
0 14
0 23
0 9
0 37
0 32
0 41
0 18
0 36
0 4
0 13
0 31
0 40
0 8
0 17
0 3
0 12
0 21
0 7
0 16
0 2
0 39
0 25
0 34
0 11
0 20
0 29
0 38
0 6
0 15
0 24
0 33
0 1
0 10
0 19
0 28
5 27
5 22
5 40
5 17
5 35
5 12
5 21
5 30
5 39
5 16
5 25
5 11
5 34
5 20
5 29
5 38
5 15
5 33
5 10
5 19
5 28
5 37
5 14
5 23
5 32
5 9
5 13
29 41
29 36
29 40
29 35
29 39
29 34
29 38
29 33
29 37
40 41
11 14
11 23
11 37
11 32
11 18
11 27
11 36
11 13
11 22
11 40
11 17
11 35
11 21
11 30
11 16
11 25
11 34
11 20
11 29
11 38
11 15
11 24
11 33
11 19
11 28
14 24
14 33
14 19
14 28
14 37
14 23
14 32
14 18
14 27
14 36
14 22
14 31
14 17
14 26
14 35
14 21
14 30
14 25
14 39
14 34
14 20
14 29
14 38
23 39
23 25
23 34
23 38
23 28
23 37
23 41
23 36
23 31
23 40
23 26
23 35
23 30
10 27
10 36
10 22
10 31
10 40
10 17
10 26
10 35
10 21
10 39
10 16
10 25
10 34
10 29
10 38
10 15
10 24
10 33
10 19
10 28
10 37
10 14
10 18
10 13
10 41
27 41
27 36
27 40
27 35
27 30
27 39
27 34
27 29
27 38
27 33
27 32
36 41
36 40
36 39
2 41
2 27
2 36
2 13
2 22
2 31
2 40
2 8
2 17
2 12
2 21
2 7
2 16
2 11
2 39
2 25
2 34
2 20
2 29
2 38
2 6
2 15
2 33
2 10
2 19
2 28
2 37
2 5
2 14
2 9
2 18
3 6
3 15
3 24
3 33
3 10
3 19
3 28
3 5
3 14
3 9
3 18
3 32
3 41
3 27
3 36
3 13
3 31
3 40
3 8
3 17
3 26
3 35
3 12
3 21
3 30
3 7
3 25
3 11
3 39
3 34
3 20
3 29
3 38
6 34
6 38
6 15
6 24
6 33
6 10
6 19
6 37
6 14
6 32
6 9
6 18
6 13
6 41
6 27
6 36
6 22
6 31
6 40
6 17
6 35
6 12
6 21
6 30
6 39
6 16
6 11
6 20
22 28
22 32
22 27
22 41
22 36
22 31
22 40
22 26
22 39
22 25
22 29
22 38
22 33
28 39
28 34
28 29
28 38
28 33
28 37
28 32
28 31
28 40
28 30
24 32
24 41
24 27
24 31
24 40
24 26
24 35
24 30
24 25
24 39
24 34
24 38
24 28
24 37
33 41
33 40
33 39
12 39
12 25
12 34
12 20
12 29
12 15
12 24
12 33
12 19
12 28
12 37
12 14
12 41
12 18
12 27
12 13
12 22
12 31
12 40
12 17
12 26
12 35
12 21
12 30
12 16
25 38
25 33
25 37
25 32
25 41
25 31
25 40
25 35
25 30
25 39
34 39
34 37
34 41
34 40
32 41
32 36
32 40
32 35
32 39
32 34
32 38
32 37
31 34
31 38
31 33
31 37
31 41
31 36
31 40
31 35
38 41
19 32
19 41
19 27
19 22
19 31
19 40
19 26
19 35
19 21
19 25
19 34
19 29
19 38
19 24
19 33
19 28
19 37
19 23
37 41
16 37
16 32
16 18
16 27
16 36
16 22
16 31
16 40
16 17
16 26
16 35
16 21
16 30
16 39
16 20
16 24
16 33
16 19
16 28
13 41
13 27
13 36
13 22
13 31
13 40
13 17
13 35
13 21
13 30
13 39
13 25
13 34
13 20
13 29
13 38
13 33
13 19
13 28
13 37
13 18
1 34
1 29
1 38
1 15
1 24
1 33
1 10
1 19
1 28
1 37
1 5
1 14
1 32
1 9
1 13
1 27
1 36
1 31
1 8
1 17
1 26
1 35
1 12
1 21
1 30
1 39
1 7
1 16
1 25
1 11
1 20
1 6
20 34
20 38
20 24
20 33
20 37
20 23
20 32
20 41
20 27
20 36
20 22
20 31
20 40
20 26
20 35
20 21
20 30
20 25
4 39
4 25
4 34
4 11
4 20
4 38
4 6
4 24
4 33
4 10
4 19
4 28
4 5
4 14
4 9
4 37
4 32
4 41
4 18
4 36
4 13
4 22
4 40
4 8
4 17
4 26
4 35
4 12
4 21
4 7
4 16
