13 88
13 22
13 35
13 156
13 77
13 24
13 145
13 37
13 158
13 79
13 200
13 92
13 26
13 81
13 28
13 149
13 70
13 83
13 17
13 138
13 30
13 72
13 19
13 140
13 74
13 195
13 21
13 76
13 23
13 144
13 65
13 78
13 199
13 133
13 146
13 67
13 80
13 69
13 190
13 58
13 71
13 192
13 126
13 18
13 60
13 73
13 196
13 51
13 64
13 185
13 198
13 53
13 174
13 66
13 134
13 55
13 68
13 189
13 123
13 57
13 178
13 191
13 112
13 46
13 167
13 59
13 48
13 169
13 61
13 103
13 50
13 63
13 39
13 52
13 173
13 120
13 41
13 54
13 109
13 56
13 98
13 32
13 45
13 179
13 100
13 34
13 47
13 102
13 36
13 157
13 49
13 170
13 91
13 25
13 38
13 159
13 172
13 106
13 27
13 40
13 95
13 29
13 42
13 84
13 31
13 152
13 44
13 165
13 20
13 33
88 130
88 198
88 132
88 187
88 178
88 125
88 180
88 127
88 169
88 129
88 186
88 122
88 164
88 177
88 166
88 168
88 115
88 170
88 117
88 172
88 95
88 97
88 154
88 101
88 156
88 90
88 103
88 158
88 92
88 160
88 94
88 162
88 151
88 140
88 153
88 155
88 89
88 131
88 133
88 146
88 148
88 137
88 139
88 194
88 128
32 101
32 35
32 90
32 37
32 158
32 39
32 160
32 81
32 96
32 138
32 85
32 140
32 153
32 74
32 195
32 155
32 76
32 89
32 131
32 144
32 78
32 199
32 67
32 188
32 80
32 148
32 69
32 190
32 82
32 124
32 71
32 192
32 84
32 60
32 73
32 128
32 141
32 183
32 75
32 196
32 130
32 64
32 185
32 77
32 198
32 119
32 53
32 66
32 134
32 55
32 123
32 57
32 70
32 72
32 48
32 61
32 50
32 171
32 63
32 184
32 105
32 118
32 52
32 65
32 186
32 41
32 54
32 43
32 56
32 45
32 58
32 34
32 47
32 181
32 36
32 157
32 49
32 38
32 51
32 172
32 40
32 174
32 95
32 42
32 97
32 44
32 165
32 86
32 99
32 33
32 46
101 128
101 185
101 198
101 132
101 187
101 200
101 134
101 136
101 125
101 195
101 116
101 171
101 184
101 118
101 186
101 120
101 188
101 111
101 166
101 113
101 181
101 170
101 172
101 106
101 161
101 108
101 163
101 176
101 145
101 105
101 162
101 197
101 157
101 199
101 146
101 135
101 190
101 150
44 155
44 47
44 49
44 170
44 104
44 159
44 51
44 172
44 150
44 163
44 152
44 99
44 154
44 101
44 77
44 145
44 79
44 200
44 160
44 81
44 149
44 83
44 151
44 72
44 140
44 153
44 74
44 87
44 76
44 78
44 133
44 67
44 188
44 135
44 69
44 190
44 124
44 58
44 139
44 60
44 181
44 73
44 194
44 62
44 75
44 196
44 64
44 185
44 198
44 119
44 132
44 53
44 174
44 66
44 187
44 121
44 176
44 68
44 189
44 57
44 178
44 70
44 112
44 125
44 46
44 167
44 48
44 169
44 61
44 103
44 50
44 63
44 52
44 173
44 107
44 120
44 162
44 54
44 175
44 164
44 56
155 197
155 173
155 175
155 168
155 170
155 174
155 163
155 165
155 167
155 158
155 171
155 157
155 159
155 201
155 200
155 189
155 193
155 195
16 93
16 27
16 40
16 29
16 150
16 42
16 18
16 31
16 165
16 86
16 20
16 33
16 88
16 22
16 143
16 35
16 77
16 24
16 145
16 158
16 79
16 134
16 26
16 147
16 81
16 28
16 70
16 17
16 30
16 151
16 72
16 19
16 74
16 195
16 87
16 129
16 21
16 142
16 63
16 76
16 23
16 78
16 199
16 67
16 188
16 80
16 135
16 56
16 69
16 190
16 124
16 58
16 71
16 126
16 139
16 60
16 181
16 73
16 62
16 75
16 130
16 64
16 53
16 66
16 121
16 68
16 123
16 44
16 57
16 112
16 167
16 59
16 180
16 101
16 48
16 61
16 103
16 37
16 171
16 184
16 105
16 39
16 160
16 52
16 107
16 120
16 41
16 162
16 54
16 109
16 43
16 32
16 45
16 100
16 34
16 155
16 47
16 168
16 89
16 102
16 36
16 157
16 49
16 170
16 104
16 25
16 38
16 159
93 140
93 142
93 157
93 199
93 146
93 201
93 194
93 128
93 141
93 130
93 185
93 198
93 132
93 187
93 134
93 189
93 123
93 136
93 125
93 195
93 116
93 197
93 120
93 175
93 188
93 109
93 190
93 179
93 126
93 168
93 102
93 106
93 119
93 176
93 97
93 110
93 178
93 154
93 167
93 114
93 147
93 149
95 157
95 146
95 201
95 148
95 190
95 150
95 126
95 128
95 141
95 183
95 185
95 198
95 119
95 187
95 200
95 121
95 134
95 189
95 123
95 191
95 125
95 129
95 171
95 173
95 186
95 107
95 188
95 122
95 104
95 106
95 161
95 176
95 97
95 165
95 112
95 101
95 158
95 105
95 147
95 162
95 98
95 144
157 201
157 194
157 182
157 195
157 184
157 197
157 199
157 188
157 179
157 170
157 183
157 161
157 174
157 163
157 171
157 173
139 163
139 158
139 162
139 151
139 155
139 199
139 201
139 150
139 194
139 141
139 196
139 143
139 145
139 189
139 180
139 193
139 175
139 188
139 190
139 168
139 170
139 183
139 161
139 174
163 172
163 165
163 167
163 199
163 192
163 189
163 182
163 195
163 184
163 173
163 175
163 190
163 179
163 181
6 48
6 182
6 116
6 50
6 63
6 184
6 118
6 52
6 65
6 41
6 54
6 175
6 43
6 164
6 56
6 98
6 45
6 58
6 179
6 34
6 47
6 168
6 102
6 115
6 36
6 157
6 49
6 104
6 38
6 159
6 172
6 106
6 27
6 40
6 161
6 29
6 42
6 163
6 110
6 31
6 152
6 44
6 165
6 33
6 46
6 22
6 35
6 90
6 103
6 24
6 37
6 79
6 92
6 26
6 39
6 15
6 83
6 17
6 30
6 72
6 19
6 32
6 74
6 195
6 87
6 21
6 142
6 76
6 197
6 10
6 131
6 23
6 144
6 78
6 91
6 12
6 133
6 25
6 67
6 188
6 80
6 14
6 135
6 148
6 69
6 124
6 16
6 71
6 192
6 18
6 139
6 60
6 73
6 20
6 62
6 183
6 75
6 117
6 9
6 130
6 64
6 77
6 198
6 11
6 132
6 53
6 66
6 121
6 13
6 55
6 176
6 68
6 57
6 70
6 112
6 125
6 59
6 193
48 166
48 58
48 179
48 168
48 102
48 115
48 49
48 104
48 51
48 172
48 93
48 106
48 53
48 150
48 97
48 152
48 99
48 154
48 88
48 101
48 103
48 145
48 160
48 83
48 96
48 138
48 153
48 74
48 87
48 142
48 76
48 89
48 131
48 78
48 199
48 91
48 67
48 80
48 135
48 148
48 69
48 82
48 71
48 84
48 126
48 60
48 73
48 128
48 141
48 62
48 183
48 75
48 196
48 64
48 185
48 77
48 198
48 66
48 79
48 55
48 68
48 189
48 57
48 70
48 125
48 59
48 72
48 193
48 61
48 182
48 50
48 171
48 63
48 65
48 54
48 188
48 122
48 164
48 56
56 165
56 167
56 88
56 143
56 103
56 145
56 79
56 81
56 96
56 151
56 72
56 85
56 74
56 195
56 142
56 89
56 78
56 67
56 188
56 80
56 201
56 69
56 190
56 124
56 137
56 71
56 192
56 84
56 60
56 73
56 194
56 62
56 183
56 75
56 64
56 185
56 77
56 198
56 119
56 132
56 200
56 121
56 57
56 70
56 112
56 125
56 59
56 127
56 61
56 182
56 129
56 171
56 63
56 184
56 105
56 173
56 65
56 162
56 164
56 177
56 166
56 58
56 113
56 168
56 115
56 157
56 172
56 95
56 163
56 97
165 192
165 194
165 189
165 195
165 186
165 188
165 190
165 183
165 185
165 176
165 169
165 171
165 201
148 168
148 159
148 201
148 161
148 152
148 198
148 200
148 195
148 199
148 175
148 190
148 192
148 181
148 170
148 185
148 180
148 156
148 169
148 149
148 151
148 153
168 184
168 197
168 175
168 188
168 190
168 179
168 170
168 183
168 178
168 180
168 169
168 198
168 189
27 107
27 41
27 54
27 122
27 43
27 56
27 177
27 45
27 166
27 179
27 34
27 47
27 168
27 181
27 115
27 36
27 157
27 49
27 38
27 51
27 172
27 93
27 40
27 161
27 53
27 29
27 42
27 163
27 31
27 152
27 44
27 165
27 99
27 33
27 46
27 167
27 101
27 35
27 156
27 90
27 37
27 79
27 147
27 39
27 160
27 94
27 30
27 98
27 140
27 32
27 74
27 76
27 131
27 78
27 133
27 67
27 80
27 135
27 148
27 69
27 71
27 84
27 126
27 60
27 73
27 128
27 141
27 62
27 75
27 196
27 130
27 64
27 77
27 132
27 66
27 55
27 68
27 189
27 123
27 57
27 178
27 70
27 59
27 180
27 72
27 127
27 48
27 61
27 182
27 50
27 171
27 63
27 105
27 118
27 52
27 173
27 65
107 196
107 143
107 198
107 132
107 145
107 189
107 195
107 129
107 118
107 131
107 186
107 120
107 109
107 122
107 177
107 190
107 115
107 170
107 183
107 119
107 161
107 174
107 163
107 176
107 165
107 154
107 156
107 158
107 149
107 142
107 155
107 197
107 144
107 157
107 133
107 139
107 194
132 160
132 164
132 157
132 199
132 201
132 137
132 192
132 139
132 194
132 141
132 198
132 145
132 200
132 191
132 182
132 195
132 186
132 190
132 168
132 183
132 159
132 172
132 174
132 163
132 152
132 167
132 147
160 164
160 166
160 196
160 198
160 182
160 186
160 177
160 190
160 179
160 168
160 181
160 170
160 183
160 161
160 165
160 167
25 34
25 47
25 89
25 102
25 36
25 170
25 104
25 146
25 38
25 159
25 93
25 106
25 40
25 150
25 42
25 31
25 33
25 154
25 75
25 35
25 156
25 77
25 198
25 79
25 147
25 68
25 81
25 136
25 149
25 70
25 191
25 72
25 127
25 140
25 74
25 87
25 63
25 184
25 76
25 131
25 144
25 65
25 78
25 199
25 133
25 188
25 122
25 135
25 56
25 69
25 124
25 58
25 179
25 71
25 126
25 60
25 73
25 49
25 62
25 183
25 196
25 51
25 172
25 185
25 119
25 53
25 66
25 187
25 123
25 44
25 57
25 178
25 112
25 46
25 59
25 48
25 169
25 61
25 182
25 37
25 50
25 171
25 118
25 39
25 173
25 41
25 54
25 175
25 96
25 30
25 43
25 164
25 98
25 32
25 45
25 166
25 100
34 81
34 149
34 83
34 96
34 138
34 72
34 193
34 85
34 140
34 74
34 87
34 129
34 76
34 89
34 144
34 65
34 186
34 78
34 133
34 146
34 67
34 122
34 135
34 69
34 82
34 124
34 58
34 71
34 126
34 60
34 181
34 73
34 194
34 128
34 62
34 75
34 117
34 64
34 198
34 132
34 53
34 66
34 121
34 55
34 68
34 189
34 57
34 178
34 70
34 191
34 112
34 46
34 167
34 48
34 169
34 61
34 50
34 63
34 184
34 39
34 41
34 54
34 175
34 43
34 56
34 177
34 111
34 45
34 113
34 47
34 49
34 104
34 38
34 159
34 51
34 40
34 95
34 42
34 163
34 97
34 152
34 44
34 143
34 156
34 77
34 90
34 37
34 158
34 79
47 145
47 160
47 81
47 162
47 83
47 138
47 85
47 140
47 153
47 74
47 195
47 76
47 89
47 78
47 67
47 80
47 201
47 148
47 124
47 71
47 192
47 84
47 139
47 60
47 73
47 141
47 62
47 75
47 196
47 64
47 77
47 119
47 132
47 53
47 66
47 121
47 134
47 55
47 176
47 68
47 189
47 123
47 57
47 70
47 191
47 59
47 180
47 72
47 61
47 50
47 63
47 118
47 52
47 173
47 65
47 54
47 122
47 164
47 56
47 177
47 166
47 58
47 181
47 157
47 49
47 51
47 93
47 161
47 108
47 150
47 97
47 152
47 101
47 156
47 103
30 112
30 125
30 59
30 180
30 193
30 127
30 48
30 61
30 50
30 63
30 118
30 39
30 52
30 173
30 186
30 120
30 41
30 162
30 54
30 109
30 43
30 164
30 56
30 177
30 45
30 58
30 100
30 113
30 34
30 155
30 47
30 168
30 115
30 36
30 157
30 49
30 91
30 104
30 38
30 159
30 51
30 106
30 40
30 108
30 163
30 84
30 152
30 44
30 165
30 86
30 33
30 88
30 35
30 103
30 37
30 79
30 200
30 147
30 81
30 83
30 138
30 72
30 85
30 87
30 76
30 197
30 199
30 146
30 67
30 80
30 135
30 69
30 124
30 71
30 126
30 139
30 60
30 181
30 73
30 194
30 62
30 75
30 117
30 130
30 119
30 132
30 53
30 174
30 66
30 187
30 134
30 55
30 68
30 57
30 70
112 177
112 124
112 179
112 183
112 172
112 119
112 161
112 176
112 152
112 154
112 167
112 169
112 160
112 149
112 140
112 153
112 144
112 146
112 148
112 150
112 139
112 194
112 141
112 143
112 185
112 198
112 187
112 123
112 178
112 138
112 195
112 184
112 120
112 175
112 188
2 50
2 171
2 105
2 39
2 160
2 107
2 120
2 41
2 175
2 96
2 164
2 56
2 111
2 32
2 45
2 166
2 100
2 113
2 34
2 155
2 47
2 36
2 49
2 170
2 91
2 104
2 25
2 38
2 159
2 106
2 27
2 148
2 40
2 29
2 97
2 31
2 86
2 99
2 20
2 141
2 33
2 154
2 22
2 35
2 156
2 198
2 24
2 37
2 158
2 92
2 13
2 26
2 81
2 15
2 28
2 70
2 83
2 17
2 30
2 151
2 72
2 6
2 19
2 140
2 74
2 87
2 8
2 129
2 21
2 63
2 76
2 197
2 10
2 23
2 65
2 78
2 12
2 133
2 146
2 67
2 188
2 14
2 69
2 190
2 16
2 179
2 71
2 5
2 18
2 181
2 73
2 7
2 128
2 62
2 75
2 9
2 51
2 64
2 119
2 11
2 132
2 53
2 174
2 66
2 187
2 108
2 121
2 55
2 68
2 110
2 123
2 44
2 57
2 125
2 46
2 167
2 59
2 180
2 127
2 48
2 169
2 61
2 182
2 103
2 116
50 172
50 148
50 161
50 163
50 165
50 99
50 167
50 88
50 143
50 200
50 160
50 81
50 136
50 83
50 96
50 138
50 151
50 72
50 140
50 74
50 87
50 129
50 142
50 76
50 89
50 131
50 65
50 78
50 199
50 133
50 188
50 80
50 69
50 124
50 137
50 58
50 71
50 192
50 60
50 73
50 62
50 75
50 117
50 130
50 64
50 77
50 119
50 53
50 174
50 66
50 121
50 68
50 189
50 57
50 70
50 191
50 112
50 59
50 169
50 61
50 182
50 63
50 105
50 118
50 54
50 175
50 109
50 56
50 179
50 155
50 168
7 165
7 99
7 33
7 22
7 143
7 35
7 77
7 90
7 24
7 37
7 79
7 92
7 13
7 134
7 26
7 81
7 15
7 136
7 28
7 70
7 17
7 138
7 30
7 72
7 85
7 19
7 140
7 74
7 21
7 63
7 76
7 10
7 131
7 23
7 144
7 65
7 186
7 78
7 199
7 12
7 146
7 80
7 201
7 14
7 135
7 69
7 190
7 124
7 16
7 58
7 71
7 126
7 139
7 60
7 73
7 62
7 75
7 117
7 9
7 130
7 51
7 64
7 185
7 119
7 11
7 53
7 66
7 187
7 108
7 55
7 68
7 44
7 57
7 178
7 125
7 46
7 127
7 61
7 116
7 50
7 105
7 118
7 39
7 160
7 52
7 107
7 120
7 41
7 162
7 96
7 43
7 56
7 177
7 98
7 32
7 45
7 34
7 155
7 47
7 168
7 102
7 36
7 49
7 104
7 25
7 38
7 172
7 106
7 27
7 40
7 29
7 150
7 42
7 84
7 18
7 31
7 152
166 173
166 199
166 194
166 187
166 195
166 197
166 186
166 188
166 190
166 179
166 185
166 174
166 176
83 160
83 94
83 162
83 96
83 151
83 98
83 140
83 153
83 142
83 155
83 197
83 144
83 199
83 146
83 135
83 141
83 130
83 185
83 132
83 121
83 136
83 112
83 125
83 169
83 182
83 129
83 186
83 122
83 164
83 177
83 100
83 168
83 104
83 117
83 159
83 95
83 150
83 163
83 97
83 99
83 154
83 88
83 101
83 90
83 103
83 158
143 174
143 187
143 176
143 165
143 178
143 180
143 171
143 149
143 162
143 151
143 164
143 155
143 201
143 148
143 161
143 196
143 191
143 182
143 195
143 197
143 199
143 170
174 190
174 179
174 192
174 194
174 180
174 198
174 200
174 189
174 182
174 195
55 61
55 182
55 171
55 63
55 184
55 131
55 65
55 67
55 188
55 122
55 164
55 124
55 58
55 179
55 100
55 113
55 168
55 60
55 117
55 159
55 172
55 110
55 152
55 167
55 156
55 103
55 145
55 158
55 105
55 147
55 160
55 94
55 83
55 96
55 140
55 142
55 155
55 76
55 197
55 144
55 157
55 78
55 80
55 93
55 148
55 69
55 82
55 150
55 71
55 126
55 73
55 194
55 128
55 62
55 75
55 196
55 64
55 77
55 66
55 79
55 200
55 121
55 134
55 136
55 57
55 70
55 191
55 138
55 59
55 180
55 72
61 67
61 188
61 201
61 135
61 69
61 124
61 71
61 139
61 181
61 73
61 194
61 183
61 75
61 196
61 198
61 66
61 187
61 176
61 68
61 189
61 70
61 191
61 112
61 180
61 193
61 114
61 127
61 129
61 171
61 118
61 120
61 175
61 109
61 111
61 115
61 170
61 91
61 93
61 152
61 165
61 86
61 156
61 90
61 103
61 79
61 92
61 160
61 81
61 136
61 138
61 72
61 85
61 140
61 153
61 74
61 76
61 65
61 78
61 199
61 133
61 146
41 163
41 110
41 99
41 88
41 143
41 103
41 145
41 79
41 92
41 81
41 136
41 149
41 96
41 72
41 74
41 142
41 197
41 89
41 199
41 80
41 135
41 148
41 69
41 190
41 124
41 137
41 71
41 60
41 181
41 73
41 194
41 128
41 62
41 75
41 117
41 64
41 77
41 119
41 132
41 53
41 66
41 187
41 121
41 134
41 55
41 68
41 189
41 57
41 70
41 46
41 59
41 180
41 193
41 48
41 61
41 116
41 129
41 50
41 171
41 63
41 184
41 105
41 52
41 186
41 109
41 122
41 56
41 98
41 166
41 58
41 113
41 47
41 115
41 49
41 51
41 93
41 108
41 150
171 196
171 191
171 195
171 197
171 186
171 188
171 181
171 183
171 176
171 178
171 173
29 45
29 179
29 100
29 34
29 155
29 47
29 168
29 115
29 36
29 157
29 49
29 91
29 104
29 38
29 51
29 172
29 93
29 148
29 40
29 150
29 42
29 163
29 97
29 44
29 33
29 154
29 35
29 156
29 77
29 90
29 37
29 158
29 79
29 200
29 147
29 160
29 81
29 94
29 149
29 138
29 72
29 193
29 74
29 76
29 197
29 65
29 78
29 146
29 67
29 80
29 201
29 135
29 69
29 192
29 139
29 60
29 73
29 194
29 141
29 62
29 75
29 117
29 130
29 64
29 53
29 174
29 66
29 121
29 55
29 176
29 57
29 70
29 191
29 112
29 46
29 180
29 114
29 48
29 61
29 116
29 50
29 63
29 105
29 118
29 39
29 52
29 186
29 120
29 41
29 162
29 54
29 109
29 43
29 164
29 56
45 57
45 70
45 59
45 127
45 61
45 182
45 50
45 63
45 118
45 52
45 107
45 175
45 109
45 164
45 56
45 100
45 155
45 102
45 157
45 49
45 170
45 159
45 51
45 106
45 95
45 84
45 152
45 167
45 101
45 103
45 158
45 79
45 92
45 147
45 81
45 149
45 151
45 193
45 140
45 74
45 87
45 76
45 197
45 89
45 131
45 144
45 65
45 78
45 67
45 80
45 148
45 69
45 82
45 124
45 137
45 71
45 192
45 126
45 139
45 60
45 73
45 194
45 128
45 62
45 75
45 196
45 130
45 64
45 185
45 77
45 198
45 119
45 66
45 55
45 68
58 62
58 75
58 196
58 130
58 64
58 185
58 77
58 119
58 66
58 79
58 200
58 134
58 68
58 189
58 123
58 70
58 125
58 180
58 72
58 61
58 182
58 129
58 63
58 184
58 118
58 173
58 65
58 186
58 120
58 122
58 113
58 157
58 117
58 172
58 93
58 161
58 174
58 150
58 152
58 165
58 154
58 90
58 160
58 81
58 94
58 149
58 162
58 96
58 98
58 74
58 195
58 76
58 197
58 144
58 78
58 199
58 146
58 67
58 80
58 69
58 82
58 137
58 192
58 73
58 194
18 115
18 128
18 183
18 75
18 196
18 51
18 64
18 198
18 53
18 55
18 176
18 68
18 123
18 57
18 112
18 46
18 167
18 59
18 48
18 61
18 103
18 116
18 50
18 63
18 184
18 105
18 39
18 52
18 120
18 41
18 54
18 109
18 43
18 164
18 56
18 32
18 45
18 113
18 34
18 47
18 36
18 170
18 25
18 38
18 93
18 27
18 40
18 95
18 108
18 29
18 42
18 97
18 31
18 152
18 44
18 86
18 141
18 33
18 154
18 88
18 101
18 22
18 143
18 35
18 156
18 77
18 37
18 158
18 79
18 26
18 147
18 81
18 94
18 28
18 70
18 30
18 151
18 72
18 85
18 140
18 74
18 21
18 142
18 76
18 197
18 89
18 23
18 65
18 186
18 78
18 199
18 146
18 67
18 188
18 80
18 124
18 58
18 71
18 192
18 126
18 139
18 60
18 181
18 73
18 194
115 171
115 131
115 175
115 166
115 179
115 168
115 181
115 172
115 163
115 156
115 169
115 145
115 158
115 162
115 151
115 144
115 201
115 135
115 137
115 192
115 139
115 194
115 128
115 141
115 183
115 130
115 143
115 198
115 187
115 134
115 123
115 125
115 180
115 127
97 179
97 181
97 102
97 117
97 159
97 106
97 161
97 108
97 163
97 176
97 152
97 112
97 101
97 156
97 169
97 171
97 105
97 160
97 162
97 140
97 155
97 157
97 199
97 133
97 150
97 194
97 130
97 198
97 200
97 136
97 178
97 125
97 138
97 127
97 182
97 118
97 173
97 107
97 120
97 190
179 195
179 188
179 190
179 183
179 192
179 198
179 200
179 191
36 169
36 61
36 129
36 50
36 171
36 63
36 184
36 105
36 65
36 120
36 41
36 54
36 175
36 109
36 122
36 164
36 56
36 111
36 45
36 166
36 58
36 100
36 113
36 47
36 168
36 102
36 157
36 49
36 91
36 104
36 38
36 51
36 172
36 106
36 40
36 174
36 42
36 152
36 44
36 167
36 88
36 156
36 37
36 79
36 39
36 160
36 81
36 149
36 83
36 96
36 72
36 85
36 140
36 153
36 74
36 76
36 197
36 131
36 78
36 67
36 80
36 69
36 71
36 192
36 139
36 181
36 73
36 194
36 128
36 183
36 75
36 196
36 130
36 64
36 185
36 119
36 53
36 187
36 134
36 55
36 68
36 57
36 70
36 112
36 125
36 46
36 59
36 114
36 127
169 198
169 191
169 193
169 195
169 184
169 188
169 181
169 185
169 187
169 178
169 201
182 194
182 198
182 191
182 188
182 190
182 192
8 107
8 41
8 54
8 175
8 43
8 56
8 32
8 45
8 179
8 34
8 47
8 102
8 36
8 49
8 104
8 25
8 38
8 159
8 27
8 148
8 29
8 42
8 84
8 97
8 31
8 152
8 44
8 86
8 20
8 33
8 154
8 22
8 143
8 35
8 156
8 77
8 90
8 24
8 145
8 37
8 158
8 79
8 13
8 26
8 81
8 15
8 136
8 28
8 70
8 17
8 30
8 72
8 19
8 74
8 195
8 129
8 21
8 76
8 89
8 10
8 131
8 23
8 65
8 78
8 12
8 188
8 80
8 201
8 14
8 135
8 69
8 82
8 124
8 16
8 58
8 71
8 18
8 139
8 73
8 194
8 62
8 196
8 117
8 9
8 51
8 64
8 11
8 132
8 53
8 66
8 187
8 55
8 176
8 68
8 189
8 110
8 57
8 191
8 112
8 125
8 46
8 167
8 127
8 48
8 61
8 182
8 103
8 50
8 63
8 184
8 39
8 52
8 173
113 160
113 138
113 151
113 140
113 195
113 199
113 137
113 192
113 139
113 196
113 130
113 119
113 121
113 134
113 176
113 189
113 123
113 191
113 125
113 169
113 182
113 129
113 118
113 120
113 175
113 122
113 164
113 177
113 168
113 157
113 117
113 172
113 165
113 156
11 112
11 167
11 59
11 101
11 48
11 61
11 182
11 116
11 37
11 50
11 184
11 118
11 39
11 52
11 173
11 120
11 162
11 54
11 175
11 43
11 177
11 111
11 32
11 45
11 100
11 113
11 34
11 47
11 168
11 36
11 157
11 49
11 25
11 38
11 106
11 27
11 148
11 40
11 82
11 29
11 150
11 42
11 97
11 18
11 31
11 165
11 86
11 99
11 20
11 141
11 33
11 22
11 143
11 35
11 77
11 90
11 24
11 158
11 79
11 200
11 13
11 81
11 15
11 28
11 70
11 17
11 30
11 72
11 193
11 19
11 74
11 21
11 142
11 63
11 76
11 131
11 23
11 65
11 186
11 78
11 133
11 67
11 188
11 80
11 201
11 14
11 135
11 56
11 69
11 16
11 137
11 58
11 71
11 139
11 60
11 181
11 73
11 115
11 62
11 75
11 130
11 51
11 185
11 119
11 132
11 53
11 174
11 66
11 187
11 108
11 55
11 68
11 110
11 123
11 44
11 57
125 199
125 146
125 190
125 139
125 141
125 183
125 130
125 185
125 132
125 136
125 191
125 193
125 129
125 184
125 131
125 166
125 168
125 159
125 172
125 161
125 174
125 154
125 167
125 145
125 147
125 162
125 153
125 155
125 197
71 163
71 97
71 86
71 99
71 154
71 101
71 143
71 103
71 145
71 158
71 79
71 200
71 94
71 149
71 83
71 96
71 151
71 140
71 74
71 195
71 76
71 78
71 199
71 80
71 148
71 82
71 124
71 126
71 139
71 73
71 194
71 141
71 75
71 196
71 185
71 77
71 198
71 132
71 121
71 123
71 178
71 191
71 182
71 184
71 118
71 186
71 107
71 162
71 109
71 166
71 115
71 91
71 104
71 159
71 95
71 108
90 176
90 165
90 112
90 154
90 101
90 158
90 94
90 149
90 96
90 140
90 153
90 142
90 155
90 197
90 133
90 146
90 201
90 190
90 194
90 128
90 183
90 143
90 119
90 132
90 134
90 193
90 127
90 186
90 107
90 175
90 188
90 109
90 177
90 179
90 113
90 115
90 170
90 117
90 93
90 106
90 161
90 174
90 95
176 188
176 185
176 178
176 200
176 189
176 180
176 193
176 182
176 195
176 184
84 102
84 115
84 159
84 172
84 106
84 174
84 95
84 110
84 99
84 156
84 90
84 145
84 158
84 105
84 147
84 94
84 162
84 140
84 142
84 155
84 144
84 91
84 201
84 137
84 126
84 141
84 183
84 185
84 119
84 200
84 176
84 136
84 193
84 127
84 182
84 195
84 129
84 184
84 186
84 107
84 164
84 111
84 124
84 166
84 179
84 100
102 151
102 153
102 142
102 155
102 197
102 157
102 133
102 150
102 192
102 128
102 141
102 130
102 143
102 132
102 134
102 180
102 193
102 195
102 184
102 131
102 188
102 109
102 166
102 181
102 183
102 117
102 159
102 172
102 108
102 176
102 110
102 152
102 165
102 154
102 167
102 156
102 171
102 160
122 128
122 178
122 180
122 156
122 158
122 171
122 160
122 173
122 149
122 164
122 144
122 201
122 148
122 161
122 137
122 141
122 132
122 147
122 189
122 191
122 127
122 182
122 129
122 197
122 199
122 175
122 188
122 190
122 126
122 168
128 134
128 191
128 193
128 195
128 197
128 177
128 166
128 168
128 170
128 183
128 161
128 174
128 167
128 158
128 160
128 162
128 151
128 153
128 142
128 146
128 137
128 150
128 139
128 152
128 141
128 143
128 132
128 145
128 200
1 67
1 188
1 80
1 14
1 148
1 190
1 124
1 16
1 71
1 84
1 5
1 126
1 139
1 60
1 73
1 194
1 7
1 20
1 141
1 62
1 183
1 75
1 117
1 9
1 64
1 11
1 66
1 187
1 13
1 55
1 68
1 57
1 178
1 70
1 59
1 193
1 6
1 48
1 169
1 61
1 116
1 50
1 63
1 184
1 52
1 186
1 107
1 120
1 41
1 54
1 175
1 109
1 122
1 43
1 164
1 56
1 166
1 58
1 179
1 34
1 47
1 168
1 181
1 36
1 157
1 49
1 104
1 38
1 51
1 93
1 27
1 40
1 29
1 42
1 110
1 31
1 152
1 44
1 33
1 154
1 46
1 22
1 143
1 35
1 24
1 145
1 37
1 79
1 92
1 26
1 147
1 39
1 81
1 15
1 28
1 149
1 96
1 17
1 138
1 30
1 151
1 72
1 85
1 19
1 140
1 32
1 153
1 87
1 8
1 21
1 76
1 89
1 10
1 131
1 23
1 78
1 12
1 133
1 25
67 124
67 137
67 71
67 192
67 126
67 139
67 73
67 194
67 128
67 75
67 185
67 77
67 119
67 187
67 121
67 176
67 70
67 125
67 127
67 184
67 173
67 162
67 175
67 109
67 177
67 100
67 113
67 181
67 93
67 106
67 163
67 165
67 88
67 103
67 92
67 147
67 160
67 81
67 94
67 149
67 96
67 138
67 151
67 72
67 140
67 153
67 74
67 195
67 155
67 76
67 197
67 131
67 144
67 78
67 133
67 146
67 80
67 201
67 69
87 107
87 162
87 109
87 164
87 177
87 179
87 100
87 113
87 168
87 115
87 157
87 172
87 150
87 152
87 165
87 154
87 167
87 101
87 90
87 145
87 94
87 96
87 151
87 153
87 197
87 89
87 144
87 201
87 148
87 137
87 192
87 126
87 141
87 130
87 185
87 198
87 132
87 176
87 136
87 178
87 114
87 127
87 116
87 184
87 173
106 120
106 175
106 109
106 122
106 111
106 179
106 168
106 181
106 115
106 170
106 172
106 119
106 156
106 158
106 147
106 164
106 142
106 155
106 199
106 190
106 137
106 150
106 126
106 194
106 198
106 187
106 121
106 125
106 138
106 180
106 127
106 182
106 195
106 129
106 131
106 173
106 186
120 165
120 154
120 145
120 162
120 138
120 140
120 155
120 197
120 199
120 133
120 201
120 190
120 192
120 126
120 194
120 128
120 183
120 121
120 178
120 191
120 193
120 127
120 129
120 184
120 186
120 177
120 166
120 179
120 157
120 170
120 159
120 161
4 109
4 43
4 164
4 111
4 32
4 153
4 45
4 87
4 34
4 47
4 102
4 23
4 36
4 157
4 170
4 91
4 25
4 38
4 106
4 27
4 40
4 161
4 82
4 29
4 84
4 18
4 31
4 152
4 20
4 33
4 75
4 88
4 22
4 143
4 35
4 156
4 77
4 198
4 90
4 11
4 24
4 79
4 200
4 13
4 134
4 26
4 147
4 81
4 15
4 28
4 70
4 83
4 17
4 72
4 6
4 19
4 74
4 195
4 8
4 129
4 21
4 63
4 76
4 10
4 144
4 65
4 186
4 78
4 120
4 12
4 67
4 188
4 80
4 14
4 135
4 56
4 69
4 16
4 137
4 71
4 192
4 113
4 5
4 60
4 181
4 73
4 7
4 49
4 62
4 183
4 196
4 9
4 51
4 64
4 53
4 174
4 66
4 42
4 176
4 110
4 123
4 44
4 57
4 112
4 46
4 59
4 101
4 48
4 61
4 116
4 37
4 50
4 39
4 52
4 173
4 94
4 41
4 54
109 123
109 191
109 180
109 114
109 127
109 184
109 118
109 173
109 120
109 175
109 122
109 177
109 124
109 166
109 157
109 163
109 152
109 165
109 154
109 167
109 145
109 160
109 138
109 151
109 153
109 155
109 199
109 146
109 135
109 148
109 139
109 128
109 196
109 143
109 132
64 123
64 136
64 70
64 112
64 72
64 193
64 114
64 195
64 184
64 173
64 65
64 107
64 120
64 175
64 164
64 111
64 179
64 100
64 168
64 115
64 157
64 104
64 172
64 110
64 165
64 99
64 156
64 158
64 92
64 81
64 162
64 138
64 85
64 98
64 140
64 74
64 155
64 76
64 78
64 91
64 146
64 67
64 80
64 201
64 69
64 190
64 82
64 150
64 192
64 128
64 141
64 183
64 75
64 130
64 143
64 77
64 66
64 79
64 200
64 68
64 189
123 146
123 135
123 148
123 152
123 141
123 196
123 130
123 198
123 145
123 200
123 134
123 136
123 191
123 197
123 131
123 173
123 188
123 177
123 126
123 159
123 161
123 174
123 176
123 158
123 171
123 147
123 160
123 162
123 151
123 164
105 161
105 163
105 176
105 152
105 154
105 147
105 149
105 162
105 153
105 142
105 144
105 199
105 146
105 135
105 190
105 150
105 192
105 194
105 183
105 130
105 143
105 185
105 198
105 187
105 134
105 180
105 114
105 195
105 184
105 131
105 186
105 122
105 164
105 177
105 124
105 166
105 113
161 190
161 192
161 168
161 170
161 183
161 174
161 171
161 201
161 191
161 184
161 197
161 186
161 175
161 188
17 48
17 61
17 116
17 50
17 39
17 52
17 107
17 120
17 41
17 162
17 54
17 96
17 43
17 56
17 177
17 32
17 153
17 45
17 100
17 34
17 47
17 168
17 89
17 102
17 36
17 25
17 38
17 106
17 27
17 40
17 161
17 29
17 42
17 84
17 97
17 31
17 152
17 99
17 22
17 77
17 198
17 24
17 145
17 37
17 158
17 79
17 134
17 26
17 81
17 28
17 149
17 70
17 83
17 30
17 72
17 85
17 74
17 21
17 63
17 76
17 131
17 23
17 144
17 65
17 133
17 146
17 67
17 80
17 201
17 122
17 69
17 190
17 58
17 179
17 71
17 126
17 73
17 194
17 115
17 128
17 62
17 183
17 75
17 196
17 51
17 64
17 132
17 53
17 174
17 108
17 121
17 55
17 176
17 68
17 189
17 57
17 178
17 112
17 125
17 46
17 167
17 59
187 194
187 196
187 198
187 189
187 197
22 126
22 139
22 60
22 194
22 141
22 62
22 75
22 77
22 132
22 66
22 121
22 55
22 68
22 136
22 57
22 70
22 112
22 125
22 59
22 72
22 127
22 48
22 61
22 50
22 171
22 63
22 105
22 52
22 186
22 41
22 54
22 175
22 122
22 164
22 56
22 177
22 111
22 45
22 58
22 100
22 34
22 47
22 168
22 181
22 36
22 49
22 38
22 51
22 172
22 93
22 40
22 53
22 29
22 42
22 110
22 31
22 152
22 44
22 99
22 33
22 154
22 46
22 167
22 88
22 35
22 90
22 37
22 79
22 26
22 39
22 160
22 81
22 94
22 28
22 30
22 85
22 98
22 32
22 153
22 195
22 87
22 76
22 131
22 144
22 78
22 133
22 25
22 67
22 80
22 135
22 27
22 69
22 124
22 71
22 192
22 84
126 196
126 198
126 187
126 200
126 147
126 191
126 193
126 140
126 131
126 199
126 175
126 179
126 168
126 183
126 185
126 165
126 156
126 169
126 160
126 164
126 155
126 144
126 159
126 201
126 135
126 137
126 150
126 194
126 141
96 112
96 154
96 169
96 103
96 158
96 105
96 147
96 160
96 151
96 157
96 133
96 201
96 148
96 190
96 137
96 150
96 192
96 126
96 139
96 196
96 198
96 132
96 187
96 121
96 134
96 189
96 125
96 138
96 182
96 129
96 131
96 186
96 120
96 109
96 111
96 181
96 170
96 106
96 119
96 161
96 174
96 152
127 179
127 181
127 170
127 159
127 174
127 163
127 156
127 158
127 160
127 162
127 153
127 157
127 135
127 148
127 137
127 150
127 139
127 130
127 143
127 198
127 132
127 187
127 134
127 178
127 129
127 173
127 186
127 175
127 188
66 169
66 129
66 186
66 109
66 98
66 111
66 113
66 168
66 102
66 115
66 170
66 93
66 106
66 161
66 150
66 97
66 143
66 156
66 103
66 79
66 92
66 147
66 160
66 81
66 136
66 149
66 96
66 138
66 72
66 85
66 153
66 74
66 87
66 76
66 78
66 133
66 80
66 148
66 82
66 124
66 137
66 71
66 126
66 73
66 194
66 141
66 75
66 196
66 119
66 132
66 187
66 121
66 134
66 110
66 123
66 70
66 180
66 114
99 117
99 172
99 106
99 174
99 108
99 163
99 110
99 152
99 169
99 158
99 160
99 151
99 153
99 131
99 199
99 146
99 201
99 139
99 128
99 141
99 183
99 119
99 187
99 200
99 123
99 178
99 125
99 180
99 195
99 129
99 118
99 120
99 175
99 122
99 166
99 179
99 181
99 102
99 115
99 157
117 140
117 153
117 199
117 133
117 201
117 135
117 148
117 137
117 150
117 196
117 130
117 132
117 187
117 200
117 134
117 136
117 191
117 138
117 180
117 127
117 129
117 171
117 131
117 188
117 177
117 179
117 168
117 181
117 159
117 163
117 176
117 156
188 194
188 189
188 195
188 197
188 199
31 67
31 148
31 69
31 190
31 82
31 124
31 71
31 192
31 84
31 126
31 139
31 60
31 194
31 62
31 183
31 75
31 64
31 185
31 77
31 132
31 53
31 66
31 134
31 68
31 189
31 57
31 178
31 70
31 46
31 59
31 48
31 61
31 182
31 129
31 50
31 171
31 63
31 184
31 52
31 107
31 41
31 162
31 54
31 43
31 56
31 98
31 45
31 58
31 100
31 34
31 47
31 102
31 36
31 157
31 49
31 170
31 38
31 51
31 172
31 40
31 95
31 42
31 97
31 110
31 152
31 44
31 165
31 33
31 154
31 101
31 35
31 90
31 37
31 79
31 39
31 81
31 94
31 136
31 149
31 83
31 72
31 85
31 140
31 153
31 74
31 195
31 76
31 197
31 78
31 133
110 131
110 175
110 122
110 177
110 179
110 126
110 168
110 181
110 183
110 121
110 163
110 154
110 167
110 156
110 160
110 153
110 155
110 157
110 146
110 148
110 137
110 150
110 194
110 128
110 141
110 143
110 147
110 189
110 191
110 125
110 193
110 195
110 116
110 129
110 197
131 190
131 179
131 170
131 163
131 176
131 156
131 160
131 162
131 151
131 157
131 201
131 141
131 145
131 200
131 134
131 147
131 189
131 136
131 191
131 193
131 140
131 184
131 197
131 186
131 199
131 175
131 188
3 5
3 126
3 18
3 60
3 181
3 73
3 194
3 115
3 7
3 128
3 62
3 183
3 75
3 196
3 9
3 51
3 64
3 198
3 11
3 53
3 174
3 66
3 187
3 134
3 55
3 68
3 110
3 123
3 178
3 112
3 46
3 59
3 180
3 127
3 48
3 61
3 103
3 50
3 171
3 63
3 39
3 52
3 107
3 41
3 54
3 96
3 109
3 43
3 56
3 111
3 32
3 45
3 166
3 179
3 34
3 155
3 47
3 168
3 36
3 157
3 49
3 91
3 38
3 172
3 93
3 106
3 27
3 40
3 29
3 150
3 42
3 84
3 31
3 152
3 44
3 20
3 33
3 154
3 22
3 35
3 156
3 77
3 90
3 24
3 37
3 79
3 200
3 92
3 13
3 26
3 81
3 15
3 28
3 17
3 30
3 72
3 193
3 6
3 19
3 153
3 87
3 8
3 21
3 76
3 197
3 10
3 23
3 65
3 186
3 78
3 199
3 12
3 133
3 25
3 67
3 188
3 80
3 201
3 14
3 135
3 190
3 16
5 27
5 40
5 108
5 29
5 42
5 163
5 97
5 31
5 44
5 86
5 20
5 33
5 154
5 88
5 101
5 22
5 143
5 35
5 90
5 24
5 37
5 79
5 92
5 26
5 39
5 81
5 94
5 15
5 28
5 149
5 83
5 17
5 30
5 72
5 85
5 19
5 32
5 153
5 74
5 21
5 142
5 76
5 10
5 131
5 23
5 65
5 78
5 199
5 12
5 25
5 146
5 67
5 80
5 14
5 148
5 69
5 190
5 124
5 16
5 71
5 18
5 60
5 181
5 73
5 194
5 183
5 75
5 196
5 9
5 64
5 77
5 198
5 119
5 11
5 132
5 53
5 66
5 187
5 121
5 13
5 134
5 68
5 123
5 57
5 178
5 70
5 46
5 59
5 180
5 114
5 127
5 48
5 61
5 116
5 171
5 63
5 184
5 52
5 173
5 120
5 41
5 54
5 43
5 164
5 177
5 98
5 111
5 45
5 34
5 47
5 102
5 36
5 170
5 91
5 38
5 51
5 106
94 123
94 178
94 112
94 180
94 114
94 182
94 171
94 173
94 188
94 111
94 124
94 166
94 100
94 115
94 157
94 104
94 161
94 110
94 165
94 99
94 167
94 101
94 158
94 197
94 131
94 146
94 135
94 148
94 190
94 126
94 194
94 128
94 141
94 183
94 196
94 130
94 143
94 185
94 119
94 121
94 176
94 189
154 174
154 163
154 176
154 165
154 178
154 199
154 196
154 193
154 173
154 186
154 177
154 190
154 166
154 179
154 168
154 181
154 170
154 172
173 187
173 178
173 201
173 196
173 193
173 182
173 184
173 199
173 188
173 190
177 189
177 191
177 193
177 184
177 186
177 181
177 196
177 198
190 196
190 198
190 200
24 64
24 198
24 119
24 53
24 174
24 55
24 123
24 70
24 191
24 112
24 46
24 167
24 59
24 180
24 114
24 48
24 61
24 103
24 116
24 50
24 171
24 63
24 184
24 118
24 39
24 52
24 186
24 107
24 41
24 54
24 43
24 56
24 98
24 32
24 45
24 100
24 34
24 47
24 168
24 115
24 49
24 38
24 51
24 93
24 27
24 148
24 40
24 161
24 95
24 108
24 29
24 150
24 42
24 163
24 84
24 97
24 31
24 44
24 86
24 99
24 33
24 101
24 143
24 35
24 77
24 37
24 79
24 26
24 147
24 81
24 28
24 30
24 72
24 74
24 87
24 142
24 76
24 89
24 65
24 78
24 199
24 25
24 146
24 80
24 135
24 69
24 190
24 82
24 137
24 58
24 71
24 192
24 60
24 73
24 62
24 183
24 75
24 196
43 77
43 119
43 132
43 66
43 187
43 200
43 55
43 68
43 136
43 57
43 178
43 70
43 180
43 127
43 48
43 61
43 182
43 116
43 50
43 63
43 184
43 105
43 65
43 186
43 120
43 54
43 175
43 56
43 124
43 45
43 58
43 100
43 113
43 47
43 181
43 102
43 115
43 49
43 170
43 159
43 51
43 172
43 53
43 174
43 95
43 108
43 97
43 110
43 86
43 154
43 46
43 167
43 101
43 156
43 103
43 145
43 158
43 81
43 149
43 162
43 138
43 151
43 85
43 74
43 76
43 131
43 144
43 78
43 146
43 67
43 80
43 135
43 69
43 137
43 71
43 139
43 60
43 73
43 62
43 75
43 130
77 130
77 143
77 198
77 200
77 134
77 81
77 123
77 136
77 191
77 125
77 138
77 180
77 193
77 114
77 129
77 184
77 118
77 131
77 173
77 175
77 188
77 109
77 177
77 190
77 111
77 166
77 113
77 170
77 183
77 104
77 159
77 163
77 176
77 101
77 169
77 171
77 105
77 107
77 83
77 85
77 142
77 155
77 93
77 82
77 137
77 150
77 139
77 86
77 141
80 201
80 82
80 137
80 84
80 126
80 139
80 86
80 128
80 119
80 132
80 187
80 121
80 189
80 123
80 178
80 191
80 127
80 182
80 195
80 118
80 186
80 120
80 175
80 109
80 122
80 164
80 177
80 100
80 113
80 115
80 170
80 104
80 117
80 161
80 163
80 154
80 156
80 145
80 105
80 160
80 81
80 153
80 155
80 197
80 144
80 199
80 133
80 146
136 149
136 151
136 157
136 201
136 137
136 150
136 139
136 154
136 196
136 198
136 145
136 187
136 138
136 180
136 182
136 197
136 186
136 199
136 175
136 177
136 190
136 168
136 170
136 183
136 185
136 174
62 143
62 156
62 145
62 79
62 147
62 81
62 72
62 140
62 74
62 87
62 142
62 76
62 89
62 146
62 67
62 80
62 201
62 69
62 71
62 192
62 84
62 139
62 73
62 128
62 75
62 196
62 117
62 77
62 119
62 132
62 66
62 187
62 200
62 176
62 68
62 189
62 123
62 136
62 70
62 191
62 114
62 116
62 65
62 107
62 120
62 175
62 109
62 122
62 164
62 98
62 166
62 179
62 168
62 181
62 104
62 159
62 174
62 163
62 152
62 165
62 99
62 154
62 88
196 199
196 200
38 120
38 41
38 54
38 175
38 96
38 43
38 164
38 56
38 45
38 155
38 47
38 89
38 102
38 49
38 170
38 104
38 93
38 106
38 42
38 163
38 84
38 97
38 86
38 154
38 77
38 90
38 158
38 79
38 92
38 81
38 136
38 149
38 72
38 85
38 140
38 129
38 76
38 131
38 144
38 65
38 186
38 78
38 67
38 80
38 135
38 69
38 190
38 82
38 124
38 137
38 58
38 71
38 126
38 60
38 181
38 73
38 194
38 128
38 62
38 75
38 51
38 64
38 185
38 119
38 53
38 174
38 66
38 187
38 121
38 68
38 189
38 44
38 57
38 191
38 112
38 180
38 114
38 48
38 61
38 50
38 171
38 63
38 160
38 52
10 21
10 142
10 197
10 89
10 131
10 23
10 144
10 65
10 78
10 199
10 25
10 80
10 201
10 14
10 135
10 69
10 16
10 71
10 84
10 126
10 18
10 181
10 73
10 194
10 128
10 62
10 75
10 117
10 130
10 64
10 77
10 198
10 119
10 132
10 53
10 66
10 187
10 121
10 13
10 55
10 68
10 57
10 178
10 70
10 112
10 125
10 59
10 48
10 169
10 61
10 182
10 116
10 50
10 63
10 105
10 52
10 173
10 41
10 54
10 175
10 122
10 43
10 164
10 56
10 177
10 45
10 58
10 179
10 34
10 168
10 36
10 104
10 38
10 51
10 172
10 27
10 40
10 174
10 95
10 29
10 42
10 31
10 44
10 165
10 20
10 33
10 22
10 143
10 35
10 90
10 24
10 37
10 79
10 200
10 26
10 147
10 39
10 81
10 15
10 136
10 28
10 96
10 17
10 30
10 151
10 72
10 85
10 19
10 140
10 32
10 74
10 195
21 63
21 197
21 65
21 186
21 78
21 199
21 120
21 67
21 188
21 80
21 135
21 56
21 190
21 137
21 71
21 60
21 181
21 73
21 194
21 115
21 62
21 196
21 117
21 130
21 51
21 64
21 119
21 53
21 174
21 66
21 187
21 55
21 176
21 110
21 44
21 57
21 112
21 125
21 46
21 59
21 103
21 116
21 37
21 50
21 171
21 105
21 39
21 160
21 107
21 41
21 54
21 96
21 109
21 43
21 177
21 111
21 32
21 45
21 113
21 34
21 47
21 168
21 36
21 157
21 49
21 170
21 91
21 104
21 25
21 146
21 38
21 93
21 27
21 40
21 161
21 29
21 150
21 42
21 84
21 97
21 31
21 99
21 88
21 35
21 156
21 77
21 145
21 158
21 79
21 92
21 134
21 26
21 81
21 28
21 149
21 70
21 30
21 72
21 140
21 74
54 64
54 132
54 174
54 66
54 68
54 123
54 57
54 70
54 125
54 167
54 59
54 114
54 169
54 116
54 171
54 63
54 118
54 107
54 164
54 98
54 113
54 115
54 104
54 159
54 148
54 161
54 95
54 152
54 99
54 141
54 77
54 158
54 79
54 147
54 160
54 81
54 136
54 149
54 138
54 72
54 85
54 153
54 74
54 142
54 76
54 144
54 65
54 186
54 78
54 146
54 67
54 80
54 135
54 69
54 190
54 82
54 124
54 137
54 58
54 71
54 192
54 73
54 62
54 183
54 75
54 117
73 77
73 119
73 132
73 187
73 200
73 121
73 176
73 189
73 125
73 182
73 116
73 171
73 188
73 122
73 164
73 111
73 166
73 113
73 168
73 115
73 157
73 159
73 106
73 108
73 163
73 97
73 165
73 103
73 92
73 81
73 149
73 138
73 151
73 98
73 195
73 87
73 142
73 155
73 197
73 131
73 144
73 78
73 91
73 133
73 135
73 148
73 194
73 141
73 196
73 130
73 143
59 179
59 100
59 168
59 102
59 91
59 104
59 93
59 161
59 95
59 163
59 152
59 165
59 143
59 156
59 77
59 145
59 79
59 200
59 147
59 160
59 81
59 136
59 149
59 83
59 151
59 140
59 74
59 142
59 197
59 89
59 144
59 65
59 186
59 78
59 199
59 133
59 67
59 188
59 80
59 201
59 135
59 69
59 137
59 71
59 181
59 62
59 75
59 117
59 64
59 174
59 66
59 134
59 176
59 68
59 70
59 167
59 180
59 114
59 169
59 61
59 103
59 63
59 184
59 118
59 175
59 177
59 98
12 67
12 122
12 14
12 69
12 82
12 16
12 58
12 179
12 71
12 139
12 60
12 73
12 115
12 183
12 75
12 117
12 51
12 64
12 119
12 53
12 174
12 66
12 108
12 121
12 55
12 176
12 68
12 189
12 110
12 44
12 57
12 112
12 46
12 59
12 180
12 114
12 127
12 48
12 61
12 116
12 50
12 105
12 118
12 39
12 160
12 52
12 107
12 41
12 54
12 175
12 43
12 164
12 56
12 177
12 111
12 32
12 45
12 100
12 113
12 34
12 47
12 102
12 36
12 49
12 91
12 25
12 38
12 93
12 27
12 40
12 161
12 95
12 29
12 150
12 42
12 163
12 18
12 31
12 20
12 33
12 88
12 101
12 22
12 35
12 156
12 24
12 37
12 158
12 79
12 200
12 13
12 26
12 147
12 81
12 15
12 136
12 28
12 149
12 70
12 17
12 30
12 151
12 72
12 19
12 74
12 195
12 129
12 21
12 142
12 63
12 76
12 131
12 23
12 65
12 78
12 133
135 137
135 198
135 187
135 200
135 189
135 193
135 182
135 195
135 184
135 197
135 190
135 192
135 168
135 181
135 172
135 185
135 174
135 163
135 149
135 155
135 144
135 199
135 146
135 159
135 201
135 148
137 185
137 198
137 187
137 178
137 180
137 195
137 171
137 188
137 168
137 170
137 183
137 165
137 156
137 169
137 158
137 147
137 153
137 155
137 197
137 157
137 146
137 148
137 150
137 192
33 126
33 60
33 73
33 128
33 62
33 183
33 75
33 196
33 51
33 64
33 185
33 198
33 132
33 53
33 174
33 66
33 121
33 55
33 68
33 189
33 123
33 57
33 178
33 191
33 46
33 59
33 114
33 127
33 48
33 169
33 61
33 103
33 116
33 50
33 171
33 63
33 39
33 52
33 173
33 107
33 120
33 41
33 54
33 175
33 96
33 43
33 56
33 177
33 111
33 45
33 113
33 168
33 102
33 157
33 91
33 172
33 40
33 95
33 42
33 163
33 97
33 44
33 165
33 99
33 143
33 77
33 37
33 79
33 200
33 81
33 149
33 70
33 138
33 151
33 72
33 85
33 74
33 195
33 87
33 76
33 144
33 78
33 67
33 80
33 122
33 69
33 124
33 137
33 71
140 190
140 181
140 183
140 172
140 174
140 165
140 154
140 158
140 149
140 162
140 164
140 153
140 142
140 150
140 152
140 143
140 187
140 200
140 189
140 191
140 180
140 193
140 182
140 184
65 78
65 91
65 133
65 80
65 148
65 69
65 190
65 71
65 192
65 84
65 194
65 128
65 75
65 196
65 77
65 79
65 200
65 121
65 134
65 123
65 136
65 70
65 125
65 72
65 193
65 114
65 127
65 195
65 116
65 129
65 131
65 175
65 188
65 109
65 122
65 164
65 111
65 166
65 100
65 159
65 106
65 161
65 174
65 163
65 110
65 152
65 165
65 154
65 101
65 169
65 145
65 92
65 147
65 81
65 96
65 151
65 140
65 74
65 155
65 76
65 89
78 115
78 157
78 170
78 172
78 93
78 174
78 95
78 150
78 110
78 154
78 101
78 90
78 158
78 147
78 81
78 162
78 96
78 138
78 151
78 98
78 140
78 197
78 89
78 131
78 144
78 201
78 148
78 192
78 139
78 194
78 183
78 196
78 130
78 143
78 185
78 119
78 132
78 187
78 176
78 189
78 191
78 112
78 127
78 182
78 118
78 173
78 188
78 164
142 190
142 179
142 181
142 183
142 172
142 163
142 152
142 165
142 167
142 156
142 151
142 146
142 201
142 194
142 185
142 198
142 189
142 182
142 184
142 173
142 186
142 188
156 196
156 187
156 191
156 180
156 195
156 184
156 186
156 179
156 170
156 172
156 185
156 161
156 165
156 169
156 158
156 160
156 173
156 159
134 153
134 155
134 197
134 144
134 192
134 183
134 196
134 143
134 185
134 187
134 176
134 178
134 193
134 182
134 171
134 175
134 188
134 177
134 159
134 172
134 161
134 174
134 150
134 152
134 156
134 147
114 199
114 135
114 137
114 150
114 141
114 130
114 132
114 145
114 134
114 123
114 136
114 138
114 140
114 195
114 129
114 184
114 120
114 190
114 124
114 179
114 126
114 181
114 185
114 161
114 176
114 154
114 167
114 156
114 149
114 151
114 164
114 153
114 144
114 157
199 201
124 169
124 171
124 149
124 162
124 151
124 153
124 201
124 135
124 148
124 150
124 192
124 194
124 128
124 196
124 130
124 143
124 198
124 132
124 187
124 189
124 136
124 125
124 193
124 195
124 129
124 197
124 173
124 188
124 179
124 172
86 137
86 192
86 194
86 128
86 196
86 130
86 143
86 132
86 200
86 178
86 191
86 125
86 180
86 193
86 127
86 171
86 118
86 131
86 173
86 186
86 124
86 181
86 102
86 115
86 170
86 104
86 117
86 159
86 176
86 97
86 156
86 90
86 103
86 145
86 158
86 105
86 162
86 96
86 140
86 142
86 155
86 89
86 91
86 146
86 135
75 191
75 112
75 182
75 103
75 171
75 118
75 186
75 120
75 164
75 177
75 111
75 166
75 179
75 113
75 155
75 115
75 157
75 91
75 108
75 97
75 165
75 86
75 99
75 101
75 90
75 145
75 79
75 200
75 147
75 81
75 136
75 85
75 140
75 153
75 195
75 87
75 129
75 89
75 78
75 188
75 135
75 190
75 137
75 126
75 139
75 128
75 141
75 183
75 196
75 117
75 132
75 121
130 180
130 193
130 182
130 171
130 173
130 170
130 159
130 176
130 152
130 154
130 158
130 160
130 149
130 162
130 142
130 197
130 144
130 133
130 148
130 150
130 139
130 183
130 143
130 185
130 187
130 200
130 191
180 194
180 196
180 189
180 195
180 184
180 190
180 181
180 199
149 193
149 182
149 184
149 173
149 188
149 179
149 183
149 172
149 161
149 174
149 178
149 156
149 171
149 160
149 162
149 194
149 196
149 198
149 189
193 201
193 198
42 67
42 80
42 122
42 135
42 69
42 190
42 58
42 71
42 192
42 139
42 60
42 73
42 128
42 62
42 75
42 51
42 64
42 132
42 53
42 66
42 55
42 68
42 110
42 123
42 57
42 178
42 46
42 59
42 180
42 114
42 48
42 50
42 118
42 160
42 120
42 162
42 54
42 175
42 164
42 56
42 153
42 45
42 166
42 113
42 155
42 47
42 89
42 157
42 49
42 91
42 104
42 159
42 93
42 148
42 82
42 95
42 163
42 165
42 154
42 77
42 198
42 79
42 92
42 81
42 94
42 149
42 70
42 138
42 72
42 85
42 127
42 74
42 195
42 142
42 63
42 76
42 65
42 186
42 78
42 133
42 146
145 169
145 160
145 162
145 166
145 155
145 199
145 201
145 150
145 192
145 152
145 194
145 196
145 180
145 184
145 173
145 175
145 188
145 183
145 174
145 163
145 176
0 70
0 4
0 17
0 151
0 72
0 85
0 6
0 19
0 74
0 195
0 8
0 129
0 21
0 142
0 63
0 184
0 197
0 10
0 23
0 186
0 78
0 120
0 12
0 67
0 80
0 1
0 14
0 135
0 56
0 69
0 3
0 124
0 16
0 58
0 71
0 5
0 60
0 181
0 73
0 7
0 49
0 62
0 117
0 9
0 64
0 53
0 66
0 55
0 68
0 189
0 2
0 123
0 44
0 57
0 112
0 46
0 59
0 180
0 114
0 61
0 37
0 50
0 39
0 160
0 52
0 107
0 41
0 54
0 175
0 30
0 43
0 164
0 98
0 32
0 45
0 166
0 100
0 34
0 47
0 168
0 102
0 36
0 157
0 91
0 104
0 25
0 38
0 93
0 106
0 27
0 148
0 40
0 29
0 42
0 163
0 84
0 97
0 18
0 31
0 86
0 20
0 141
0 33
0 75
0 88
0 22
0 143
0 156
0 77
0 198
0 11
0 24
0 79
0 200
0 92
0 13
0 134
0 26
0 81
0 15
0 28
70 142
70 76
70 197
70 78
70 199
70 133
70 146
70 188
70 80
70 190
70 192
70 73
70 141
70 183
70 75
70 196
70 130
70 187
70 134
70 189
70 123
70 191
70 180
70 127
70 103
70 184
70 120
70 109
70 111
70 100
70 155
70 168
70 115
70 157
70 172
70 93
70 106
70 148
70 161
70 95
70 167
70 101
70 143
70 156
70 90
70 79
70 92
70 147
70 81
70 94
70 96
70 151
70 193
70 85
70 74
19 83
19 96
19 138
19 30
19 193
19 85
19 74
19 195
19 21
19 142
19 76
19 23
19 144
19 65
19 78
19 133
19 25
19 67
19 80
19 82
19 124
19 137
19 58
19 71
19 192
19 60
19 73
19 62
19 75
19 64
19 53
19 66
19 187
19 55
19 68
19 189
19 110
19 123
19 57
19 70
19 191
19 112
19 46
19 59
19 127
19 48
19 61
19 182
19 171
19 63
19 105
19 39
19 52
19 186
19 41
19 54
19 43
19 164
19 177
19 32
19 45
19 113
19 34
19 47
19 168
19 102
19 115
19 36
19 157
19 49
19 170
19 91
19 38
19 159
19 51
19 93
19 106
19 27
19 40
19 95
19 29
19 42
19 84
19 31
19 44
19 99
19 33
19 154
19 88
19 101
19 22
19 35
19 77
19 24
19 37
19 158
19 79
19 200
19 26
19 81
19 94
19 28
19 149
79 134
79 176
79 125
79 114
79 127
79 195
79 129
79 184
79 118
79 173
79 186
79 120
79 175
79 109
79 164
79 111
79 181
79 115
79 157
79 104
79 159
79 172
79 93
79 110
79 167
79 156
79 145
79 158
79 92
79 81
79 94
79 162
79 83
79 138
79 151
79 98
79 155
79 197
79 199
79 91
79 133
79 190
79 192
79 141
79 130
79 143
79 185
79 132
198 201
183 191
183 193
183 199
183 188
183 187
183 194
191 196
191 193
191 195
100 193
100 114
100 127
100 182
100 129
100 186
100 175
100 188
100 177
100 124
100 113
100 102
100 115
100 104
100 172
100 161
100 174
100 152
100 165
100 167
100 158
100 105
100 142
100 155
100 197
100 144
100 146
100 201
100 190
100 137
100 126
100 139
100 141
100 130
100 143
100 198
100 119
100 200
100 134
100 125
53 81
53 96
53 151
53 85
53 140
53 74
53 195
53 155
53 131
53 144
53 78
53 199
53 91
53 67
53 80
53 148
53 69
53 190
53 82
53 71
53 192
53 84
53 139
53 60
53 73
53 62
53 183
53 75
53 196
53 143
53 64
53 185
53 77
53 119
53 187
53 176
53 68
53 189
53 136
53 57
53 191
53 125
53 72
53 193
53 127
53 63
53 118
53 65
53 120
53 175
53 188
53 122
53 124
53 58
53 100
53 168
53 181
53 115
53 170
53 117
53 172
53 161
53 174
53 95
53 152
53 169
53 90
53 158
53 147
81 156
81 98
81 153
81 100
81 142
81 197
81 199
81 133
81 150
81 192
81 196
81 185
81 198
81 187
81 121
81 189
81 136
81 178
81 191
81 180
81 193
81 114
81 127
81 182
81 195
81 184
81 173
81 186
81 107
81 120
81 175
81 122
81 190
81 181
81 170
81 183
81 117
81 172
81 119
81 161
81 174
81 176
81 97
81 110
81 165
81 101
40 76
40 131
40 78
40 80
40 201
40 135
40 148
40 69
40 190
40 82
40 137
40 71
40 60
40 73
40 194
40 128
40 62
40 75
40 117
40 64
40 119
40 53
40 66
40 121
40 134
40 55
40 176
40 68
40 110
40 57
40 178
40 70
40 112
40 125
40 46
40 59
40 48
40 169
40 61
40 50
40 63
40 184
40 186
40 107
40 120
40 41
40 54
40 177
40 45
40 58
40 179
40 155
40 47
40 115
40 49
40 91
40 51
40 108
40 42
40 163
40 84
40 97
40 44
40 165
40 86
40 154
40 167
40 143
40 90
40 158
40 79
40 92
40 160
40 81
40 83
40 72
40 85
40 140
40 153
40 74
40 87
46 78
46 146
46 67
46 188
46 80
46 201
46 135
46 148
46 69
46 82
46 137
46 71
46 181
46 73
46 62
46 75
46 196
46 130
46 77
46 198
46 132
46 53
46 66
46 187
46 134
46 55
46 68
46 57
46 70
46 191
46 125
46 59
46 193
46 127
46 61
46 50
46 63
46 184
46 105
46 118
46 173
46 65
46 162
46 122
46 56
46 111
46 166
46 58
46 100
46 113
46 102
46 49
46 104
46 51
46 93
46 174
46 108
46 163
46 99
46 167
46 88
46 143
46 90
46 79
46 147
46 81
46 149
46 83
46 96
46 138
46 151
46 72
46 85
46 140
46 74
46 195
46 87
91 107
91 120
91 109
91 124
91 179
91 102
91 115
91 183
91 117
91 159
91 174
91 108
91 110
91 165
91 99
91 103
91 105
91 149
91 164
91 98
91 140
91 144
91 157
91 133
91 146
91 201
91 135
91 148
91 190
91 137
91 139
91 128
91 130
91 185
91 132
91 200
91 121
91 123
91 136
91 125
91 114
91 127
91 129
51 156
51 90
51 158
51 171
51 92
51 147
51 94
51 162
51 83
51 96
51 151
51 164
51 85
51 153
51 76
51 78
51 199
51 133
51 80
51 201
51 135
51 148
51 69
51 82
51 137
51 71
51 192
51 139
51 73
51 86
51 62
51 75
51 196
51 143
51 64
51 77
51 198
51 132
51 66
51 79
51 68
51 81
51 136
51 57
51 70
51 191
51 125
51 59
51 180
51 72
51 193
51 61
51 182
51 74
51 116
51 184
51 107
51 54
51 67
51 188
51 122
51 56
51 177
51 190
51 111
51 124
51 58
51 168
51 181
51 172
51 53
51 99
51 112
26 99
26 33
26 46
26 167
26 143
26 35
26 37
26 79
26 92
26 39
26 81
26 94
26 149
26 138
26 30
26 72
26 32
26 153
26 87
26 155
26 76
26 89
26 91
26 67
26 80
26 148
26 69
26 82
26 137
26 71
26 192
26 84
26 126
26 60
26 194
26 141
26 62
26 75
26 196
26 64
26 77
26 119
26 53
26 66
26 187
26 200
26 55
26 189
26 57
26 178
26 70
26 191
26 112
26 59
26 180
26 48
26 169
26 61
26 182
26 116
26 129
26 50
26 171
26 63
26 184
26 105
26 65
26 107
26 120
26 41
26 54
26 175
26 56
26 111
26 45
26 58
26 100
26 34
26 47
26 36
26 49
26 170
26 104
26 38
26 159
26 51
26 106
26 40
26 108
26 29
26 97
26 110
26 31
26 44
26 165
9 132
9 24
9 79
9 200
9 92
9 13
9 26
9 68
9 81
9 15
9 136
9 28
9 70
9 191
9 17
9 72
9 19
9 74
9 195
9 129
9 21
9 63
9 76
9 197
9 131
9 78
9 199
9 67
9 188
9 80
9 14
9 56
9 177
9 69
9 124
9 16
9 58
9 179
9 71
9 113
9 60
9 181
9 73
9 49
9 62
9 117
9 51
9 64
9 53
9 66
9 187
9 42
9 55
9 123
9 44
9 165
9 57
9 112
9 125
9 46
9 59
9 114
9 48
9 61
9 37
9 158
9 50
9 118
9 39
9 160
9 52
9 107
9 41
9 162
9 30
9 43
9 98
9 32
9 45
9 34
9 47
9 89
9 23
9 36
9 157
9 25
9 38
9 27
9 148
9 40
9 161
9 82
9 29
9 97
9 18
9 31
9 152
9 20
9 141
9 33
9 154
9 75
9 22
9 35
35 161
35 95
35 42
35 84
35 44
35 165
35 88
35 143
35 103
35 37
35 158
35 79
35 160
35 81
35 136
35 96
35 72
35 74
35 87
35 76
35 89
35 65
35 78
35 146
35 67
35 188
35 80
35 148
35 69
35 190
35 71
35 139
35 60
35 181
35 128
35 75
35 196
35 185
35 77
35 198
35 132
35 53
35 174
35 187
35 55
35 68
35 189
35 123
35 57
35 178
35 70
35 191
35 112
35 125
35 46
35 114
35 127
35 48
35 61
35 182
35 50
35 171
35 63
35 118
35 39
35 52
35 173
35 107
35 41
35 54
35 175
35 164
35 56
35 111
35 45
35 166
35 58
35 100
35 47
35 168
35 102
35 157
35 49
35 170
35 38
35 159
35 51
35 93
63 139
63 181
63 73
63 183
63 75
63 196
63 117
63 185
63 119
63 66
63 187
63 121
63 68
63 110
63 178
63 112
63 125
63 105
63 118
63 173
63 107
63 120
63 175
63 177
63 166
63 157
63 172
63 95
63 108
63 163
63 152
63 86
63 99
63 88
63 101
63 156
63 90
63 79
63 92
63 149
63 70
63 83
63 138
63 151
63 72
63 74
63 129
63 76
63 197
63 131
63 65
63 186
63 78
63 133
63 146
63 67
63 80
63 135
63 69
63 82
63 137
63 179
28 37
28 92
28 81
28 94
28 70
28 30
28 72
28 85
28 140
28 74
28 142
28 76
28 197
28 144
28 65
28 186
28 78
28 146
28 67
28 188
28 80
28 69
28 190
28 124
28 58
28 71
28 126
28 139
28 60
28 181
28 73
28 62
28 183
28 75
28 117
28 51
28 64
28 185
28 53
28 66
28 187
28 134
28 55
28 68
28 57
28 125
28 46
28 59
28 180
28 114
28 127
28 48
28 61
28 182
28 103
28 116
28 50
28 63
28 39
28 52
28 107
28 120
28 41
28 162
28 54
28 175
28 96
28 43
28 164
28 56
28 177
28 32
28 166
28 179
28 113
28 34
28 47
28 168
28 102
28 36
28 157
28 49
28 38
28 159
28 172
28 93
28 40
28 161
28 108
28 29
28 42
28 31
28 44
28 86
28 33
28 143
28 35
28 77
28 90
37 99
37 143
37 156
37 77
37 79
37 200
37 147
37 81
37 94
37 70
37 138
37 72
37 74
37 195
37 129
37 63
37 76
37 197
37 131
37 144
37 65
37 186
37 78
37 67
37 188
37 80
37 69
37 190
37 58
37 71
37 192
37 139
37 60
37 73
37 194
37 128
37 62
37 183
37 75
37 51
37 64
37 66
37 121
37 55
37 68
37 189
37 123
37 46
37 59
37 180
37 114
37 61
37 182
37 103
37 50
37 171
37 118
37 52
37 173
37 120
37 41
37 54
37 175
37 96
37 43
37 164
37 56
37 177
37 111
37 153
37 45
37 166
37 113
37 47
37 102
37 157
37 49
37 104
37 159
37 93
37 106
37 161
37 82
37 42
37 163
37 97
20 38
20 51
20 106
20 27
20 40
20 95
20 108
20 29
20 42
20 97
20 31
20 44
20 165
20 33
20 167
20 88
20 101
20 22
20 35
20 90
20 24
20 145
20 37
20 158
20 79
20 200
20 26
20 81
20 28
20 149
20 30
20 151
20 72
20 140
20 32
20 74
20 195
20 87
20 21
20 76
20 23
20 144
20 65
20 78
20 25
20 146
20 67
20 80
20 124
20 71
20 192
20 60
20 73
20 194
20 62
20 183
20 75
20 196
20 117
20 64
20 185
20 77
20 119
20 132
20 53
20 174
20 187
20 55
20 176
20 68
20 110
20 123
20 57
20 178
20 70
20 191
20 46
20 193
20 114
20 48
20 61
20 182
20 50
20 63
20 39
20 186
20 120
20 41
20 162
20 54
20 122
20 43
20 56
20 177
20 98
20 45
20 166
20 58
20 100
20 113
20 34
20 47
20 168
20 102
20 36
20 157
20 49
20 170
39 51
39 106
39 53
39 95
39 42
39 110
39 44
39 154
39 46
39 167
39 145
39 147
39 149
39 41
39 83
39 138
39 85
39 98
39 153
39 74
39 87
39 142
39 155
39 76
39 144
39 78
39 133
39 80
39 148
39 137
39 71
39 192
39 126
39 73
39 194
39 86
39 141
39 62
39 75
39 196
39 64
39 77
39 132
39 121
39 134
39 55
39 68
39 189
39 123
39 136
39 57
39 70
39 59
39 72
39 193
39 114
39 48
39 61
39 195
39 116
39 50
39 171
39 63
39 118
39 52
39 65
39 186
39 107
39 120
39 54
39 122
39 43
39 164
39 56
39 177
39 124
39 45
39 166
39 58
39 100
39 102
39 49
39 170
92 143
92 103
92 158
92 160
92 149
92 96
92 140
92 195
92 142
92 197
92 148
92 190
92 192
92 139
92 117
92 130
92 119
92 187
92 200
92 134
92 112
92 180
92 169
92 116
92 171
92 105
92 186
92 120
92 164
92 177
92 111
92 179
92 115
92 157
92 170
92 159
92 172
92 95
92 163
92 97
92 110
92 152
92 154
23 43
23 164
23 56
23 98
23 111
23 32
23 45
23 166
23 179
23 100
23 34
23 47
23 168
23 36
23 91
23 25
23 38
23 159
23 172
23 106
23 27
23 40
23 95
23 29
23 150
23 42
23 84
23 97
23 31
23 44
23 86
23 141
23 33
23 154
23 143
23 35
23 156
23 77
23 37
23 158
23 79
23 26
23 81
23 136
23 28
23 149
23 70
23 83
23 30
23 151
23 72
23 85
23 140
23 153
23 74
23 129
23 142
23 76
23 89
23 144
23 65
23 78
23 67
23 135
23 69
23 137
23 58
23 71
23 192
23 126
23 139
23 60
23 181
23 73
23 115
23 75
23 130
23 51
23 64
23 185
23 53
23 66
23 187
23 134
23 55
23 68
23 123
23 57
23 191
23 112
23 125
23 46
23 167
23 59
23 114
23 48
23 61
23 182
23 50
23 171
23 118
23 39
23 160
23 52
23 107
23 41
23 54
69 159
69 93
69 108
69 163
69 165
69 167
69 88
69 156
69 169
69 103
69 145
69 158
69 147
69 81
69 149
69 83
69 138
69 151
69 85
69 98
69 140
69 74
69 76
69 78
69 199
69 91
69 133
69 80
69 148
69 192
69 194
69 86
69 141
69 75
69 77
69 119
69 79
69 189
69 136
69 178
69 112
69 180
69 182
69 184
69 131
69 186
69 107
69 188
69 177
69 124
69 166
69 179
69 100
69 113
69 181
69 157
69 170
159 201
159 185
159 187
159 189
159 180
159 193
159 182
159 195
159 184
159 173
159 179
159 181
159 174
159 176
159 178
159 171
146 150
146 192
146 194
146 185
146 198
146 187
146 189
146 180
146 175
146 179
146 181
146 172
146 161
146 163
146 152
146 167
146 169
146 158
146 199
146 201
146 190
150 192
150 187
150 180
150 182
150 195
150 184
150 173
150 168
150 161
150 174
150 165
150 156
150 160
150 162
150 164
150 166
150 157
150 199
150 159
89 144
89 199
89 201
89 183
89 130
89 187
89 200
89 121
89 176
89 189
89 178
89 191
89 125
89 180
89 195
89 171
89 184
89 118
89 173
89 186
89 107
89 175
89 109
89 122
89 177
89 113
89 181
89 104
89 172
89 106
89 161
89 97
89 110
89 154
89 167
89 169
89 103
89 145
89 158
89 138
89 151
89 140
89 153
104 153
104 195
104 131
104 146
104 201
104 135
104 139
104 194
104 141
104 196
104 187
104 200
104 176
104 123
104 136
104 112
104 180
104 193
104 114
104 116
104 129
104 186
104 175
104 188
104 109
104 177
104 111
104 124
104 166
104 113
104 115
104 117
104 159
104 161
104 150
104 154
104 167
104 162
153 157
153 201
153 198
153 189
153 195
153 197
153 175
153 188
153 177
153 159
153 174
153 163
153 176
153 165
153 171
153 160
153 162
153 164
164 167
164 180
164 166
164 201
164 196
164 182
164 195
164 184
164 186
164 179
164 194
164 170
164 174
164 165
167 181
167 185
167 176
167 178
167 171
167 198
167 200
167 182
167 195
167 199
167 190
167 179
167 192
14 115
14 36
14 157
14 49
14 38
14 51
14 172
14 27
14 148
14 40
14 95
14 108
14 29
14 150
14 42
14 31
14 152
14 44
14 165
14 20
14 33
14 154
14 101
14 22
14 35
14 156
14 24
14 145
14 37
14 158
14 79
14 26
14 147
14 81
14 28
14 149
14 96
14 17
14 30
14 72
14 85
14 19
14 32
14 74
14 195
14 87
14 129
14 21
14 76
14 197
14 89
14 23
14 144
14 65
14 199
14 25
14 67
14 80
14 69
14 58
14 71
14 192
14 126
14 18
14 60
14 73
14 194
14 128
14 141
14 62
14 183
14 75
14 117
14 64
14 185
14 77
14 53
14 174
14 66
14 187
14 121
14 55
14 68
14 189
14 57
14 191
14 112
14 46
14 59
14 180
14 48
14 61
14 103
14 116
14 50
14 63
14 105
14 39
14 52
14 173
14 186
14 107
14 41
14 54
14 43
14 164
14 56
14 111
14 45
14 34
14 155
14 47
118 172
118 161
118 174
118 163
118 176
118 167
118 171
118 162
118 151
118 153
118 142
118 157
118 199
118 148
118 141
118 143
118 198
118 187
118 200
118 134
118 191
118 138
118 180
118 182
118 129
118 186
118 188
118 124
118 166
118 179
118 168
118 170
172 196
172 198
172 187
172 200
172 195
172 184
172 181
172 185
172 176
172 180
172 173
76 175
76 109
76 190
76 124
76 166
76 179
76 168
76 181
76 102
76 117
76 159
76 172
76 119
76 174
76 108
76 110
76 99
76 112
76 90
76 158
76 81
76 149
76 96
76 151
76 164
76 98
76 140
76 87
76 142
76 155
76 78
76 199
76 80
76 93
76 148
76 137
76 150
76 192
76 194
76 86
76 141
76 77
76 79
76 200
76 134
76 189
76 123
76 114
76 182
76 195
76 184
76 118
76 131
175 194
175 196
175 180
175 193
175 182
175 195
175 177
175 179
175 181
175 185
116 139
116 194
116 128
116 143
116 185
116 119
116 132
116 200
116 121
116 189
116 125
116 193
116 127
116 129
116 184
116 118
116 175
116 188
116 164
116 166
116 179
116 168
116 181
116 174
116 163
116 165
116 154
116 167
116 169
116 140
116 142
116 199
116 146
116 135
152 170
152 172
152 163
152 165
152 178
152 167
152 173
152 162
152 153
152 155
152 201
152 198
152 189
152 191
152 193
152 182
152 197
152 186
152 181
170 179
170 181
170 185
170 174
170 192
170 196
170 198
170 200
170 180
170 195
170 197
60 99
60 90
60 145
60 147
60 81
60 149
60 83
60 96
60 151
60 85
60 153
60 74
60 155
60 76
60 89
60 144
60 157
60 78
60 199
60 80
60 201
60 148
60 69
60 190
60 82
60 137
60 150
60 71
60 73
60 141
60 62
60 75
60 196
60 130
60 64
60 185
60 77
60 198
60 132
60 79
60 68
60 189
60 70
60 125
60 138
60 180
60 193
60 127
60 61
60 182
60 63
60 65
60 107
60 120
60 175
60 67
60 177
60 111
60 124
60 179
60 100
60 113
60 181
60 102
60 115
60 170
60 106
60 174
60 163
119 127
119 182
119 195
119 184
119 131
119 175
119 177
119 190
119 166
119 183
119 176
119 178
119 169
119 158
119 147
119 160
119 151
119 153
119 144
119 146
119 201
119 192
119 152
119 194
119 128
119 196
119 187
119 200
119 189
119 123
119 191
119 125
103 170
103 117
103 159
103 106
103 119
103 176
103 178
103 154
103 162
103 151
103 140
103 153
103 201
103 135
103 148
103 137
103 150
103 152
103 194
103 128
103 141
103 185
103 121
103 123
103 191
103 138
103 182
103 116
103 118
103 131
103 122
103 177
103 190
103 124
103 166
103 179
103 113
103 168
15 57
15 70
15 191
15 125
15 46
15 59
15 193
15 127
15 48
15 169
15 61
15 182
15 116
15 50
15 171
15 63
15 118
15 52
15 107
15 41
15 162
15 54
15 122
15 43
15 56
15 111
15 45
15 58
15 100
15 34
15 155
15 47
15 168
15 36
15 49
15 91
15 38
15 159
15 51
15 93
15 27
15 40
15 29
15 150
15 42
15 84
15 31
15 152
15 44
15 20
15 33
15 22
15 35
15 156
15 90
15 24
15 145
15 37
15 158
15 79
15 200
15 26
15 147
15 39
15 81
15 94
15 136
15 28
15 149
15 17
15 30
15 151
15 72
15 19
15 32
15 74
15 195
15 21
15 197
15 23
15 144
15 65
15 78
15 25
15 67
15 188
15 201
15 135
15 69
15 18
15 139
15 60
15 73
15 194
15 128
15 62
15 64
15 185
15 77
15 198
15 119
15 174
15 66
15 121
15 55
15 176
15 68
15 189
57 175
57 164
57 100
57 157
57 104
57 159
57 93
57 174
57 108
57 110
57 152
57 86
57 154
57 167
57 143
57 103
57 158
57 79
57 147
57 160
57 81
57 94
57 149
57 151
57 85
57 140
57 74
57 76
57 78
57 146
57 67
57 188
57 80
57 201
57 135
57 69
57 190
57 137
57 71
57 126
57 139
57 73
57 141
57 62
57 75
57 64
57 185
57 77
57 132
57 66
57 134
57 68
57 136
57 178
57 70
57 72
57 193
57 127
57 61
57 182
57 116
57 129
57 63
57 173
57 65
162 187
162 200
162 191
162 182
162 184
162 177
162 190
162 168
162 170
162 183
162 172
162 174
162 166
162 194
52 60
52 73
52 62
52 75
52 64
52 185
52 198
52 119
52 53
52 66
52 187
52 200
52 55
52 176
52 68
52 189
52 136
52 57
52 178
52 59
52 180
52 72
52 114
52 169
52 61
52 129
52 63
52 173
52 65
52 186
52 54
52 175
52 164
52 56
52 98
52 111
52 58
52 168
52 181
52 104
52 117
52 150
52 97
52 154
52 88
52 101
52 143
52 156
52 79
52 147
52 138
52 85
52 140
52 153
52 74
52 142
52 76
52 197
52 78
52 199
52 91
52 146
52 67
52 80
52 201
52 135
52 148
52 69
52 190
52 124
52 71
52 84
133 170
133 161
133 163
133 167
133 156
133 169
133 171
133 149
133 162
133 164
133 142
133 155
133 199
133 137
133 192
133 152
133 141
133 143
133 185
133 187
133 195
133 184
133 197
133 173
133 177
133 168
108 113
108 157
108 170
108 174
108 150
108 152
108 167
108 143
108 145
108 151
108 140
108 199
108 135
108 148
108 124
108 137
108 192
108 194
108 128
108 141
108 130
108 185
108 132
108 187
108 200
108 134
108 176
108 189
108 123
108 191
108 193
108 114
108 182
108 116
108 184
108 175
108 111
178 198
178 193
178 195
178 184
178 197
178 199
178 188
178 187
181 200
181 195
181 201
181 192
181 194
181 198
129 157
129 159
129 135
129 137
129 150
129 192
129 196
129 200
129 136
129 182
129 184
129 133
129 175
129 188
129 177
129 179
129 168
129 176
129 165
129 178
129 158
129 147
129 160
129 151
129 140
129 153
129 142
194 201
194 197
189 201
189 193
189 197
197 201
192 195
192 194
192 196
200 201
138 155
138 144
138 201
138 196
138 185
138 198
138 189
138 180
138 182
138 195
138 197
138 173
138 188
138 177
138 190
138 166
138 168
138 159
138 163
138 167
138 156
138 158
138 149
138 162
72 149
72 140
72 100
72 76
72 78
72 199
72 133
72 93
72 137
72 150
72 84
72 139
72 73
72 194
72 75
72 130
72 77
72 198
72 145
72 187
72 79
72 121
72 134
72 81
72 123
72 136
72 178
72 125
72 138
72 127
72 182
72 74
72 195
72 129
72 184
72 118
72 173
72 175
72 188
72 177
72 124
72 166
72 179
72 181
72 170
72 117
72 106
72 119
72 161
72 108
72 176
72 112
72 101
72 103
72 92
49 138
49 151
49 72
49 193
49 74
49 87
49 76
49 144
49 65
49 78
49 67
49 188
49 80
49 201
49 122
49 135
49 69
49 190
49 124
49 137
49 58
49 71
49 139
49 60
49 73
49 62
49 183
49 75
49 117
49 198
49 119
49 132
49 53
49 174
49 55
49 68
49 57
49 178
49 70
49 191
49 112
49 125
49 167
49 59
49 169
49 61
49 103
49 116
49 105
49 118
49 54
49 175
49 56
49 166
49 113
49 102
49 170
49 91
49 172
49 161
49 150
49 84
49 152
49 101
49 77
49 90
49 158
49 79
49 200
49 92
49 160
49 81
144 146
144 148
144 192
144 152
144 196
144 198
144 200
144 180
144 197
144 168
144 181
144 170
144 163
144 176
144 165
144 167
144 169
144 158
144 160
144 151
144 153
144 157
195 197
195 199
151 162
151 155
151 159
151 154
151 187
151 189
151 191
151 180
151 184
151 197
151 188
151 190
151 179
151 192
151 168
151 181
151 161
151 174
151 169
98 136
98 138
98 193
98 114
98 182
98 195
98 184
98 173
98 186
98 120
98 109
98 124
98 179
98 126
98 168
98 102
98 183
98 104
98 117
98 106
98 108
98 163
98 176
98 165
98 178
98 103
98 107
98 162
98 140
98 153
98 142
98 157
98 199
98 135
98 137
98 194
98 196
98 145
98 187
98 200
111 145
111 149
111 151
111 140
111 155
111 146
111 201
111 190
111 150
111 126
111 139
111 194
111 128
111 141
111 196
111 130
111 198
111 187
111 121
111 123
111 180
111 193
111 195
111 173
111 186
111 120
111 188
111 113
111 168
111 181
111 170
111 119
111 161
111 174
111 165
85 171
85 184
85 120
85 175
85 122
85 164
85 177
85 100
85 113
85 168
85 102
85 115
85 170
85 172
85 93
85 174
85 108
85 176
85 110
85 152
85 165
85 169
85 103
85 145
85 105
85 160
85 96
85 138
85 151
85 153
85 197
85 91
85 133
85 148
85 190
85 137
85 139
85 194
85 196
85 132
85 187
85 200
85 134
85 189
85 136
184 199
184 196
184 191
184 193
184 186
184 190
141 196
141 145
141 189
141 180
141 193
141 184
141 197
141 186
141 175
141 170
141 172
141 163
141 178
141 167
141 158
141 171
141 173
141 162
141 151
141 166
141 146
141 201
82 141
82 183
82 196
82 117
82 185
82 132
82 189
82 136
82 178
82 180
82 116
82 129
82 171
82 184
82 105
82 118
82 173
82 107
82 175
82 164
82 111
82 179
82 100
82 113
82 168
82 157
82 170
82 93
82 161
82 108
82 97
82 86
82 101
82 156
82 90
82 103
82 145
82 92
82 147
82 195
82 87
82 197
82 89
82 144
82 199
82 190
185 196
185 193
185 195
185 199
185 194
158 191
158 182
158 195
158 184
158 186
158 177
158 190
158 181
158 170
158 174
158 167
158 171
158 162
158 201
158 194
158 185
121 175
121 188
121 164
121 166
121 179
121 170
121 183
121 174
121 152
121 156
121 169
121 145
121 149
121 151
121 153
121 155
121 157
121 133
121 135
121 148
121 190
121 126
121 139
121 132
121 134
121 189
121 136
121 191
121 127
121 182
147 191
147 195
147 186
147 199
147 175
147 192
147 172
147 174
147 165
147 178
147 180
147 171
147 160
147 149
147 164
147 153
147 155
147 150
147 152
147 198
147 200
186 196
186 200
186 193
186 197
186 201
68 74
68 195
68 87
68 142
68 155
68 76
68 89
68 144
68 78
68 146
68 80
68 69
68 82
68 71
68 139
68 73
68 194
68 128
68 183
68 130
68 77
68 119
68 187
68 79
68 200
68 178
68 70
68 112
68 72
68 193
68 114
68 116
68 171
68 118
68 173
68 107
68 120
68 175
68 109
68 124
68 113
68 168
68 115
68 157
68 117
68 159
68 172
68 161
68 95
68 108
68 110
68 86
68 88
68 101
68 158
68 92
68 147
68 81
68 94
68 162
74 131
74 78
74 91
74 133
74 80
74 135
74 190
74 126
74 139
74 141
74 183
74 196
74 130
74 143
74 77
74 79
74 200
74 121
74 125
74 114
74 127
74 182
74 195
74 116
74 129
74 173
74 186
74 188
74 122
74 177
74 111
74 100
74 181
74 102
74 157
74 170
74 172
74 95
74 97
74 110
74 165
74 99
74 101
74 90
74 98
74 92
74 147
74 160
74 94
74 96
74 138
74 85
