15 21
15 18
15 17
15 19
6 18
6 11
6 13
6 17
6 10
6 19
6 12
6 14
6 16
6 9
18 21
16 20
16 17
16 19
16 21
16 18
20 21
7 17
7 10
7 19
7 12
7 14
7 16
7 9
7 11
7 18
7 13
7 15
17 21
3 13
3 6
3 15
3 8
3 17
3 10
3 19
3 12
3 21
3 5
3 7
3 9
3 18
3 11
13 17
13 19
13 18
5 10
5 19
5 12
5 21
5 14
5 16
5 9
5 11
5 13
5 20
5 15
5 17
10 15
10 19
10 21
10 14
10 16
10 18
10 13
8 9
8 18
8 11
8 20
8 13
8 15
8 17
8 10
8 19
8 21
8 14
8 16
9 17
9 19
9 21
9 14
9 16
9 18
9 13
9 15
0 5
0 14
0 7
0 16
0 9
0 2
0 18
0 11
0 4
0 13
0 6
0 8
0 17
0 1
0 10
0 19
0 12
0 3
0 21
19 21
11 14
11 16
11 18
11 20
11 13
11 15
11 17
11 21
14 17
14 18
14 20
2 11
2 20
2 13
2 6
2 15
2 8
2 17
2 10
2 19
2 12
2 21
2 5
2 7
2 16
2 9
2 18
1 15
1 8
1 17
1 10
1 19
1 12
1 21
1 5
1 14
1 7
1 9
1 11
1 20
1 13
1 6
12 18
12 20
12 13
12 15
12 17
12 16
4 18
4 11
4 20
4 13
4 6
4 8
4 17
4 10
4 19
4 12
4 21
4 5
4 7
4 16
