17 58
17 71
17 48
17 25
17 61
17 38
17 28
17 70
17 73
17 50
17 27
17 40
17 30
17 72
17 62
17 39
17 75
17 52
17 29
17 42
17 74
17 51
17 64
17 41
17 54
17 31
17 21
17 63
17 76
17 53
17 43
17 56
17 23
17 65
17 32
17 68
17 45
17 22
17 67
17 80
17 57
17 34
17 47
17 24
17 37
17 79
17 69
17 46
17 59
17 36
17 26
17 81
58 62
58 75
58 65
58 74
58 64
58 77
58 76
58 66
58 79
58 68
58 67
58 80
58 70
58 69
58 72
58 81
58 61
58 73
58 63
36 71
36 38
36 51
36 73
36 50
36 63
36 40
36 72
36 75
36 65
36 42
36 74
36 64
36 41
36 54
36 44
36 76
36 53
36 56
36 78
36 55
36 68
36 45
36 58
36 67
36 80
36 57
36 70
36 47
36 37
36 79
36 69
36 46
36 49
36 39
36 81
71 74
71 77
71 76
71 78
71 80
71 79
71 73
71 75
28 67
28 80
28 57
28 34
28 47
28 37
28 69
28 46
28 59
28 36
28 81
28 58
28 71
28 61
28 38
28 70
28 60
28 73
28 50
28 63
28 40
28 30
28 72
28 62
28 39
28 52
28 29
28 42
28 74
28 51
28 64
28 54
28 31
28 44
28 76
28 53
28 66
28 43
28 56
28 33
28 65
28 78
28 55
28 32
28 35
28 77
67 71
67 73
67 72
67 75
67 74
67 77
67 76
67 78
67 70
67 69
47 80
47 57
47 70
47 59
47 72
47 49
47 81
47 71
47 61
47 51
47 50
47 63
47 62
47 75
47 52
47 65
47 64
47 77
47 54
47 76
47 53
47 66
47 56
47 78
47 58
47 67
80 81
8 9
8 74
8 51
8 64
8 41
8 54
8 31
8 44
8 21
8 11
8 76
8 53
8 66
8 43
8 20
8 56
8 33
8 10
8 23
8 65
8 78
8 55
8 32
8 68
8 45
8 22
8 35
8 12
8 77
8 80
8 57
8 34
8 47
8 24
8 37
8 14
8 79
8 69
8 46
8 36
8 13
8 49
8 26
8 16
8 81
8 71
8 48
8 25
8 61
8 38
8 15
8 28
8 18
8 70
8 73
8 50
8 27
8 63
8 17
8 30
8 72
8 62
8 39
8 52
8 29
8 42
8 19
9 67
9 44
9 80
9 57
9 34
9 47
9 24
9 14
9 79
9 69
9 23
9 59
9 36
9 13
9 26
9 16
9 81
9 58
9 71
9 48
9 25
9 61
9 38
9 15
9 28
9 70
9 60
9 37
9 73
9 50
9 27
9 40
9 17
9 72
9 49
9 62
9 39
9 52
9 29
9 19
9 74
9 51
9 64
9 41
9 18
9 31
9 21
9 63
9 76
9 53
9 30
9 66
9 43
9 20
9 33
9 75
9 42
9 78
9 55
9 32
9 22
9 35
0 5
0 70
0 60
0 37
0 73
0 50
0 27
0 4
0 40
0 17
0 7
0 72
0 49
0 62
0 39
0 52
0 29
0 6
0 19
0 9
0 64
0 41
0 18
0 54
0 31
0 8
0 21
0 53
0 30
0 66
0 43
0 20
0 33
0 10
0 23
0 75
0 78
0 55
0 32
0 22
0 12
0 2
0 77
0 67
0 44
0 80
0 57
0 34
0 11
0 47
0 24
0 1
0 14
0 79
0 56
0 69
0 46
0 59
0 36
0 13
0 26
0 3
0 16
0 81
0 58
0 71
0 25
0 61
0 38
0 15
0 28
5 60
5 73
5 27
5 63
5 40
5 17
5 30
5 72
5 75
5 52
5 29
5 42
5 19
5 32
5 9
5 74
5 64
5 41
5 77
5 54
5 31
5 44
5 21
5 11
5 76
5 53
5 66
5 43
5 20
5 33
5 10
5 23
5 13
5 78
5 68
5 45
5 22
5 35
5 12
5 25
5 67
5 80
5 57
5 34
5 70
5 47
5 24
5 37
5 14
5 79
5 69
5 46
5 36
5 26
5 39
5 16
5 81
5 71
5 48
5 61
5 38
5 15
5 51
5 28
5 18
40 41
40 54
40 44
40 76
40 53
40 66
40 55
40 68
40 45
40 58
40 80
40 57
40 70
40 69
40 46
40 59
40 81
40 71
40 48
40 61
40 51
40 60
40 73
40 50
40 63
40 72
40 62
40 75
40 42
40 74
41 74
41 64
41 77
41 53
41 66
41 56
41 68
41 58
41 80
41 57
41 70
41 47
41 79
41 69
41 46
41 59
41 49
41 81
41 71
41 61
41 51
41 60
41 73
41 63
41 62
41 75
41 52
11 14
11 79
11 69
11 36
11 13
11 49
11 16
11 81
11 58
11 71
11 48
11 25
11 61
11 38
11 15
11 28
11 70
11 60
11 37
11 73
11 50
11 27
11 40
11 17
11 30
11 62
11 39
11 75
11 29
11 42
11 19
11 74
11 51
11 18
11 54
11 31
11 21
11 63
11 76
11 53
11 66
11 43
11 20
11 33
11 23
11 65
11 78
11 55
11 32
11 68
11 45
11 22
11 35
11 77
11 67
11 44
11 80
11 57
11 34
11 47
11 24
14 24
14 37
14 79
14 69
14 46
14 59
14 36
14 49
14 26
14 81
14 71
14 48
14 61
14 38
14 28
14 18
14 60
14 73
14 50
14 27
14 63
14 40
14 17
14 30
14 72
14 62
14 39
14 75
14 52
14 29
14 42
14 19
14 32
14 74
14 64
14 41
14 77
14 54
14 31
14 21
14 53
14 66
14 43
14 20
14 56
14 33
14 23
14 55
14 68
14 45
14 22
14 35
14 25
14 67
14 80
14 57
14 34
14 47
6 48
6 38
6 15
6 18
6 60
6 73
6 50
6 27
6 63
6 40
6 17
6 30
6 20
6 72
6 62
6 75
6 52
6 29
6 65
6 42
6 19
6 32
6 9
6 74
6 64
6 41
6 77
6 54
6 31
6 44
6 21
6 11
6 76
6 53
6 66
6 43
6 56
6 33
6 10
6 46
6 23
6 13
6 78
6 55
6 68
6 45
6 22
6 35
6 12
6 25
6 67
6 80
6 34
6 70
6 47
6 24
6 37
6 14
6 69
6 59
6 36
6 49
6 26
6 39
6 16
6 71
48 58
48 67
48 80
48 70
48 69
48 59
48 72
48 49
48 71
48 61
48 51
48 60
48 73
48 50
48 63
48 53
48 75
48 65
48 64
48 77
48 54
48 76
48 66
48 79
48 78
48 55
48 68
21 64
21 41
21 54
21 31
21 63
21 53
21 66
21 43
21 65
21 78
21 55
21 32
21 45
21 35
21 77
21 67
21 44
21 80
21 34
21 47
21 79
21 56
21 46
21 59
21 36
21 49
21 26
21 71
21 25
21 38
21 28
21 70
21 60
21 37
21 73
21 50
21 27
21 40
21 30
21 72
21 62
21 39
21 29
21 42
21 74
21 51
64 67
64 80
64 70
64 69
64 72
64 75
64 65
64 74
64 77
64 76
64 66
64 79
64 78
64 68
25 34
25 47
25 79
25 69
25 59
25 36
25 68
25 81
25 58
25 71
25 48
25 61
25 38
25 70
25 60
25 37
25 73
25 50
25 40
25 72
25 49
25 62
25 39
25 42
25 74
25 51
25 41
25 54
25 31
25 63
25 76
25 53
25 30
25 66
25 43
25 33
25 75
25 32
25 45
25 35
25 77
34 81
34 58
34 71
34 48
34 61
34 38
34 51
34 60
34 73
34 50
34 63
34 40
34 72
34 62
34 39
34 75
34 42
34 74
34 64
34 41
34 54
34 44
34 76
34 53
34 43
34 56
34 65
34 78
34 55
34 68
34 45
34 77
34 67
34 57
34 70
34 47
34 37
34 79
34 69
34 46
34 49
44 47
44 79
44 69
44 46
44 49
44 81
44 58
44 48
44 61
44 51
44 60
44 73
44 50
44 63
44 72
44 62
44 75
44 74
44 64
44 54
44 76
44 53
44 66
44 56
44 78
44 68
44 77
44 67
44 57
44 70
10 54
10 31
10 44
10 21
10 53
10 66
10 43
10 20
10 33
10 23
10 13
10 65
10 78
10 55
10 68
10 45
10 22
10 58
10 35
10 25
10 80
10 57
10 34
10 70
10 24
10 37
10 14
10 79
10 69
10 59
10 36
10 26
10 39
10 16
10 81
10 71
10 48
10 61
10 38
10 15
10 28
10 18
10 73
10 50
10 27
10 63
10 40
10 17
10 30
10 72
10 62
10 75
10 29
10 42
10 19
10 32
10 74
10 64
10 41
10 77
54 74
54 64
54 76
54 66
54 65
54 78
54 68
54 77
54 67
54 80
54 57
54 70
54 79
54 69
54 59
54 81
54 73
54 63
54 72
54 62
54 75
2 50
2 27
2 40
2 17
2 30
2 7
2 72
2 62
2 39
2 75
2 29
2 6
2 19
2 9
2 74
2 64
2 41
2 31
2 8
2 21
2 11
2 63
2 76
2 53
2 20
2 56
2 33
2 10
2 23
2 65
2 78
2 32
2 68
2 45
2 22
2 35
2 12
2 67
2 44
2 57
2 34
2 47
2 24
2 37
2 14
2 69
2 59
2 36
2 13
2 49
2 26
2 16
2 81
2 71
2 48
2 25
2 61
2 38
2 15
2 28
2 5
2 18
2 70
2 73
50 81
50 58
50 61
50 60
50 73
50 63
50 62
50 75
50 74
50 64
50 77
50 54
50 76
50 53
50 66
50 56
50 65
50 78
50 68
50 80
50 57
50 70
50 69
50 59
3 15
3 28
3 5
3 18
3 60
3 73
3 50
3 27
3 63
3 40
3 17
3 30
3 7
3 72
3 62
3 39
3 75
3 52
3 29
3 6
3 42
3 19
3 9
3 51
3 64
3 41
3 31
3 8
3 44
3 21
3 11
3 76
3 53
3 66
3 43
3 20
3 56
3 33
3 10
3 23
3 65
3 78
3 55
3 32
3 68
3 45
3 22
3 35
3 12
3 25
3 77
3 67
3 80
3 34
3 47
3 24
3 37
3 14
3 79
3 46
3 59
3 36
3 13
3 49
3 26
3 16
3 81
3 48
3 61
3 38
15 25
15 67
15 57
15 34
15 70
15 47
15 24
15 37
15 79
15 69
15 46
15 59
15 36
15 49
15 26
15 39
15 81
15 48
15 61
15 38
15 51
15 28
15 18
15 60
15 73
15 50
15 27
15 63
15 40
15 17
15 30
15 72
15 62
15 52
15 29
15 19
15 32
15 74
15 64
15 41
15 77
15 54
15 31
15 44
15 21
15 66
15 43
15 20
15 56
15 33
15 23
15 65
15 78
15 55
15 68
15 45
15 22
15 58
15 35
22 28
22 60
22 50
22 63
22 40
22 53
22 30
22 62
22 75
22 52
22 29
22 42
22 32
22 41
22 77
22 54
22 31
22 44
22 76
22 66
22 56
22 33
22 46
22 78
22 55
22 68
22 45
22 58
22 35
22 25
22 67
22 80
22 57
22 70
22 47
22 37
22 27
22 79
22 69
22 59
22 36
22 72
22 26
22 39
22 81
22 71
22 48
22 61
22 38
22 51
24 74
24 64
24 41
24 54
24 31
24 76
24 53
24 56
24 33
24 65
24 78
24 55
24 32
24 45
24 35
24 25
24 77
24 34
24 70
24 47
24 37
24 79
24 69
24 46
24 59
24 49
24 26
24 81
24 48
24 61
24 38
24 51
24 28
24 60
24 73
24 50
24 27
24 63
24 40
24 30
24 72
24 62
24 39
24 75
24 52
24 29
24 42
66 71
66 73
66 72
66 75
66 74
66 76
66 80
66 70
66 79
66 81
32 78
32 55
32 45
32 35
32 67
32 80
32 57
32 34
32 70
32 47
32 37
32 69
32 36
32 72
32 49
32 39
32 81
32 71
32 61
32 38
32 51
32 60
32 73
32 50
32 63
32 40
32 75
32 52
32 65
32 42
32 74
32 64
32 41
32 77
32 54
32 44
32 76
32 53
32 66
32 43
32 56
32 46
78 81
74 77
74 79
74 78
74 80
16 70
16 60
16 37
16 73
16 27
16 40
16 17
16 30
16 72
16 62
16 39
16 75
16 52
16 42
16 19
16 74
16 64
16 41
16 18
16 31
16 21
16 63
16 76
16 53
16 66
16 43
16 20
16 33
16 23
16 78
16 32
16 68
16 45
16 22
16 35
16 77
16 67
16 44
16 80
16 57
16 34
16 47
16 24
16 79
16 56
16 69
16 36
16 49
16 26
16 81
16 58
16 48
16 25
16 61
16 38
16 28
70 80
70 79
70 81
70 73
70 75
70 74
55 61
55 73
55 63
55 62
55 65
55 64
55 67
55 76
55 66
55 79
55 78
55 58
55 80
55 57
55 70
55 60
55 69
55 59
55 72
55 71
61 70
61 79
61 69
61 81
61 71
61 73
61 72
61 75
61 74
61 76
61 66
61 65
61 78
61 68
7 21
7 11
7 63
7 53
7 66
7 43
7 56
7 33
7 10
7 23
7 65
7 32
7 68
7 45
7 22
7 35
7 12
7 77
7 44
7 80
7 57
7 34
7 47
7 24
7 37
7 14
7 79
7 69
7 46
7 36
7 13
7 49
7 26
7 16
7 81
7 58
7 71
7 25
7 61
7 38
7 15
7 28
7 70
7 60
7 73
7 50
7 27
7 40
7 17
7 30
7 72
7 62
7 39
7 75
7 52
7 29
7 42
7 19
7 9
7 74
7 51
7 64
7 41
7 18
7 31
57 74
57 64
57 77
57 76
57 66
57 78
57 68
57 67
57 70
57 79
57 69
57 72
57 81
57 71
57 61
57 62
57 75
57 65
18 30
18 39
18 75
18 29
18 42
18 51
18 64
18 41
18 54
18 31
18 21
18 76
18 53
18 43
18 56
18 33
18 23
18 65
18 78
18 55
18 32
18 68
18 45
18 22
18 35
18 77
18 67
18 80
18 57
18 34
18 47
18 37
18 79
18 46
18 59
18 36
18 26
18 81
18 58
18 71
18 48
18 25
18 61
18 38
18 28
18 70
18 60
18 73
18 50
18 27
18 40
30 79
30 69
30 59
30 36
30 49
30 81
30 71
30 48
30 61
30 38
30 51
30 60
30 73
30 50
30 63
30 40
30 72
30 62
30 39
30 75
30 52
30 41
30 54
30 44
30 53
30 66
30 43
30 56
30 33
30 55
30 68
30 45
30 58
30 35
30 67
30 80
30 57
30 34
30 70
30 47
30 37
59 68
59 77
59 67
59 80
59 70
59 79
59 69
59 81
59 61
59 63
59 62
59 74
59 64
59 66
59 65
68 73
68 74
68 77
68 76
68 79
68 80
68 70
68 69
68 72
68 81
68 71
60 64
60 77
60 67
60 76
60 79
60 68
60 80
60 70
60 69
60 81
60 71
60 61
60 73
60 63
60 62
60 75
60 65
29 45
29 35
29 77
29 34
29 70
29 47
29 37
29 79
29 36
29 49
29 81
29 48
29 61
29 38
29 51
29 60
29 73
29 50
29 63
29 40
29 72
29 39
29 75
29 52
29 42
29 74
29 64
29 41
29 54
29 44
29 76
29 53
29 43
29 56
29 33
29 65
29 78
29 55
45 67
45 80
45 57
45 70
45 79
45 69
45 59
45 81
45 71
45 61
45 51
45 60
45 50
45 63
45 62
45 75
45 52
45 64
45 77
45 76
45 66
45 56
45 65
45 78
45 55
45 68
69 81
69 75
69 74
69 77
69 76
69 79
69 78
69 80
31 67
31 57
31 34
31 70
31 47
31 37
31 79
31 46
31 59
31 36
31 39
31 71
31 61
31 38
31 51
31 60
31 50
31 63
31 40
31 72
31 62
31 75
31 52
31 42
31 74
31 64
31 41
31 77
31 54
31 44
31 76
31 53
31 66
31 43
31 56
31 33
31 78
31 68
31 45
31 58
31 35
27 74
27 64
27 41
27 77
27 54
27 31
27 76
27 66
27 43
27 33
27 78
27 55
27 68
27 35
27 67
27 80
27 57
27 34
27 70
27 47
27 79
27 69
27 59
27 36
27 72
27 49
27 39
27 71
27 48
27 61
27 38
27 51
27 60
27 73
27 50
27 63
27 40
27 53
27 30
27 62
27 75
27 52
27 29
27 65
27 42
27 32
20 81
20 71
20 48
20 61
20 38
20 28
20 60
20 73
20 50
20 27
20 63
20 40
20 30
20 72
20 62
20 75
20 42
20 32
20 74
20 64
20 41
20 77
20 54
20 31
20 44
20 21
20 76
20 53
20 43
20 56
20 33
20 23
20 65
20 78
20 55
20 68
20 45
20 22
20 35
20 25
20 67
20 80
20 57
20 34
20 70
20 47
20 24
20 37
20 79
20 46
20 36
20 49
20 26
35 60
35 50
35 63
35 72
35 39
35 52
35 42
35 74
35 41
35 77
35 54
35 44
35 76
35 53
35 56
35 65
35 78
35 55
35 68
35 45
35 58
35 80
35 57
35 70
35 47
35 37
35 79
35 69
35 46
35 49
35 81
35 71
35 48
35 38
35 51
37 63
37 76
37 66
37 43
37 56
37 65
37 78
37 55
37 68
37 45
37 77
37 67
37 80
37 47
37 46
37 59
37 49
37 81
37 58
37 71
37 61
37 70
37 60
37 73
37 50
37 72
37 62
37 75
37 52
37 42
37 74
37 51
37 64
37 41
37 54
1 67
1 80
1 57
1 34
1 70
1 47
1 24
1 37
1 14
1 79
1 59
1 36
1 49
1 26
1 39
1 16
1 6
1 81
1 71
1 48
1 38
1 15
1 51
1 28
1 5
1 60
1 73
1 50
1 27
1 63
1 40
1 17
1 30
1 7
1 20
1 72
1 62
1 75
1 52
1 29
1 42
1 19
1 32
1 9
1 64
1 41
1 54
1 31
1 8
1 44
1 21
1 11
1 66
1 43
1 56
1 33
1 10
1 46
1 23
1 13
1 78
1 55
1 68
1 22
1 58
1 35
1 12
1 25
13 78
13 55
13 68
13 45
13 22
13 35
13 77
13 67
13 80
13 57
13 34
13 47
13 24
13 37
13 79
13 69
13 46
13 59
13 36
13 49
13 26
13 81
13 58
13 71
13 48
13 25
13 61
13 38
13 28
13 18
13 70
13 60
13 73
13 50
13 27
13 40
13 17
13 30
13 72
13 39
13 52
13 29
13 42
13 19
13 51
13 64
13 41
13 54
13 31
13 44
13 21
13 76
13 53
13 66
13 20
13 56
13 33
13 23
73 77
73 78
73 81
38 51
38 64
38 41
38 54
38 76
38 53
38 66
38 43
38 56
38 65
38 78
38 68
38 45
38 77
38 67
38 44
38 57
38 47
38 79
38 69
38 49
38 58
38 71
38 48
38 61
38 60
38 50
38 63
38 72
38 62
38 75
38 42
42 77
42 67
42 57
42 47
42 79
42 69
42 46
42 59
42 49
42 81
42 58
42 71
42 70
42 60
42 73
42 50
42 62
42 75
42 74
42 51
42 64
42 54
42 76
42 53
42 56
42 65
42 78
42 55
42 68
42 45
77 81
39 71
39 61
39 51
39 41
39 73
39 50
39 63
39 53
39 62
39 75
39 52
39 65
39 42
39 74
39 64
39 77
39 54
39 44
39 76
39 43
39 56
39 46
39 78
39 55
39 68
39 45
39 58
39 80
39 57
39 70
39 59
39 72
39 49
51 81
51 58
51 80
51 57
51 70
51 69
51 59
51 72
51 71
51 61
51 74
51 73
51 75
51 64
51 77
51 54
51 67
51 76
51 66
51 79
51 56
51 78
43 77
43 54
43 66
43 46
43 78
43 55
43 68
43 45
43 58
43 67
43 80
43 57
43 70
43 47
43 69
43 49
43 81
43 71
43 48
43 61
43 51
43 60
43 73
43 50
43 63
43 53
43 62
43 75
43 65
43 74
62 68
62 67
62 80
62 70
62 79
62 69
62 81
62 73
62 72
62 75
62 65
62 74
62 77
62 76
62 66
79 81
12 67
12 44
12 57
12 34
12 24
12 37
12 14
12 79
12 69
12 46
12 59
12 36
12 13
12 26
12 16
12 81
12 58
12 71
12 48
12 25
12 61
12 38
12 15
12 28
12 70
12 60
12 50
12 27
12 40
12 17
12 30
12 72
12 39
12 75
12 52
12 29
12 42
12 19
12 74
12 51
12 64
12 41
12 18
12 54
12 31
12 21
12 63
12 76
12 66
12 43
12 20
12 56
12 33
12 23
12 65
12 78
12 55
12 32
12 68
12 45
12 22
12 35
4 63
4 76
4 53
4 66
4 43
4 20
4 33
4 10
4 75
4 65
4 42
4 78
4 32
4 45
4 22
4 35
4 12
4 77
4 67
4 44
4 80
4 57
4 34
4 11
4 47
4 24
4 14
4 79
4 56
4 69
4 46
4 23
4 59
4 36
4 13
4 26
4 16
4 81
4 48
4 25
4 61
4 38
4 15
4 28
4 5
4 70
4 37
4 73
4 50
4 27
4 40
4 17
4 7
4 72
4 49
4 62
4 39
4 52
4 29
4 6
4 19
4 9
4 74
4 51
4 64
4 41
4 18
4 54
4 31
4 8
4 21
63 70
63 73
63 72
63 75
63 74
63 76
63 66
63 65
63 78
63 68
63 67
63 80
63 79
63 69
23 76
23 53
23 66
23 43
23 56
23 33
23 65
23 78
23 55
23 32
23 68
23 45
23 35
23 77
23 67
23 57
23 34
23 47
23 37
23 79
23 69
23 46
23 59
23 36
23 26
23 81
23 58
23 48
23 25
23 61
23 38
23 28
23 70
23 60
23 73
23 50
23 27
23 40
23 30
23 72
23 39
23 75
23 52
23 29
23 42
23 74
23 51
23 64
23 41
23 54
23 31
23 44
76 77
76 78
76 80
65 78
65 80
65 70
65 69
65 72
65 81
65 71
65 75
65 74
65 77
65 76
75 79
75 81
75 78
53 81
53 71
53 60
53 73
53 63
53 62
53 75
53 65
53 74
53 64
53 77
53 78
53 68
53 58
53 67
53 80
53 57
53 69
53 72
46 78
46 68
46 58
46 67
46 80
46 57
46 70
46 79
46 69
46 59
46 49
46 81
46 71
46 61
46 51
46 73
46 50
46 63
46 72
46 62
46 75
46 65
46 74
46 53
46 66
46 56
19 60
19 73
19 27
19 63
19 40
19 30
19 62
19 39
19 52
19 29
19 42
19 74
19 64
19 41
19 54
19 31
19 44
19 21
19 76
19 53
19 66
19 43
19 33
19 23
19 65
19 55
19 32
19 68
19 45
19 22
19 35
19 25
19 77
19 67
19 80
19 34
19 70
19 47
19 24
19 37
19 79
19 46
19 59
19 49
19 26
19 81
19 58
19 71
19 48
19 61
19 38
19 51
19 28
49 60
49 73
49 72
49 62
49 75
49 74
49 76
49 53
49 56
49 65
49 55
49 68
49 77
49 67
49 80
49 57
49 70
49 79
49 69
49 59
49 81
49 58
49 71
49 61
26 76
26 53
26 66
26 56
26 33
26 46
26 55
26 45
26 58
26 35
26 67
26 80
26 57
26 34
26 70
26 37
26 69
26 59
26 36
26 49
26 39
26 81
26 71
26 48
26 61
26 38
26 60
26 50
26 63
26 40
26 30
26 72
26 62
26 75
26 29
26 65
26 32
26 64
26 41
26 77
26 54
26 31
26 44
33 70
33 60
33 50
33 63
33 40
33 72
33 62
33 39
33 52
33 42
33 74
33 51
33 64
33 41
33 54
33 76
33 53
33 66
33 43
33 56
33 78
33 55
33 68
33 45
33 77
33 67
33 80
33 57
33 37
33 79
33 69
33 46
33 59
33 48
33 61
56 78
56 58
56 67
56 80
56 57
56 70
56 69
56 59
56 81
56 71
56 61
56 60
56 73
56 63
56 72
56 62
56 75
56 65
56 74
56 64
56 77
52 60
52 73
52 63
52 62
52 75
52 65
52 74
52 64
52 76
52 53
52 66
52 78
52 55
52 68
52 58
52 67
52 80
52 57
52 79
52 69
52 59
52 72
52 71
52 61
72 74
72 75
72 77
72 76
72 79
72 78
