15 21
15 18
16 20
16 21
20 21
7 17
7 10
7 12
7 9
7 13
7 15
17 21
3 13
3 6
3 15
3 8
3 17
3 10
3 19
3 12
3 5
3 9
3 11
13 19
13 18
8 9
8 11
8 13
8 15
8 17
8 10
8 19
8 16
9 17
9 14
9 13
9 15
0 5
0 7
0 2
0 11
0 4
0 13
0 6
0 8
0 17
0 1
0 10
0 12
0 21
5 19
5 12
5 21
5 16
5 9
5 11
5 13
5 20
5 17
19 21
11 14
11 20
11 13
14 18
14 20
6 11
6 13
6 17
6 10
6 19
6 12
6 14
6 16
6 9
10 16
10 18
10 13
12 18
12 13
12 16
18 21
1 8
1 19
1 5
1 14
1 7
1 9
1 11
1 20
1 13
1 6
2 13
2 6
2 15
2 8
2 17
2 10
2 12
2 5
2 7
2 16
2 9
4 18
4 11
4 13
4 6
4 8
4 10
4 19
4 12
4 5
4 7
