15 21
15 39
15 34
15 29
15 38
15 24
15 33
15 19
15 28
15 18
15 27
15 31
15 17
15 35
21 32
21 41
21 26
21 35
21 39
21 25
7 17
7 12
7 30
7 16
7 11
7 39
7 34
7 29
7 38
7 15
7 33
7 10
7 19
7 28
7 37
7 14
7 9
7 18
7 13
7 40
17 39
17 25
17 34
17 29
17 23
17 41
17 36
17 21
18 26
18 21
18 30
18 34
18 37
18 23
18 32
18 22
26 39
26 38
26 41
26 36
26 35
39 41
8 9
8 18
8 13
8 22
8 31
8 17
8 12
8 21
8 16
8 11
8 39
8 25
8 20
8 38
8 15
8 10
8 19
8 37
8 14
8 23
9 25
9 34
9 15
9 33
9 19
9 28
9 14
9 37
9 41
9 18
9 27
9 13
9 40
9 17
9 21
9 16
0 5
0 14
0 9
0 32
0 18
0 36
0 4
0 13
0 8
0 17
0 3
0 12
0 21
0 7
0 16
0 2
0 25
0 34
0 11
0 38
0 6
0 15
0 24
0 33
0 1
0 10
0 19
0 28
5 17
5 12
5 21
5 30
5 16
5 25
5 11
5 20
5 29
5 38
5 15
5 10
5 19
5 37
5 14
5 23
5 32
5 9
5 13
29 41
29 39
29 37
40 41
11 14
11 23
11 18
11 27
11 36
11 13
11 40
11 17
11 35
11 21
11 16
11 34
11 20
11 38
11 15
11 24
11 33
11 19
11 28
14 24
14 19
14 23
14 32
14 18
14 36
14 17
14 21
14 25
14 20
14 29
23 34
23 38
23 28
23 31
23 40
23 26
10 27
10 22
10 40
10 17
10 35
10 21
10 16
10 34
10 38
10 15
10 33
10 19
10 28
10 37
10 14
10 18
10 13
27 41
27 36
27 35
27 38
27 33
2 41
2 27
2 36
2 13
2 22
2 8
2 17
2 12
2 21
2 7
2 16
2 11
2 25
2 20
2 38
2 6
2 15
2 10
2 19
2 5
2 9
2 18
3 6
3 15
3 24
3 10
3 19
3 28
3 5
3 14
3 9
3 18
3 32
3 41
3 27
3 13
3 8
3 17
3 12
3 21
3 7
3 11
3 39
3 34
6 38
6 33
6 10
6 19
6 14
6 32
6 9
6 18
6 13
6 41
6 36
6 22
6 17
6 35
6 12
6 16
6 11
22 28
22 32
22 31
22 40
22 26
22 38
28 39
28 38
28 37
28 32
28 40
24 41
24 31
24 34
24 38
24 28
24 37
12 25
12 20
12 15
12 24
12 33
12 37
12 18
12 13
12 31
12 40
12 17
12 21
12 16
30 36
30 35
30 37
32 40
32 34
32 38
36 40
36 39
19 32
19 41
19 22
19 40
19 35
19 21
19 25
19 34
19 28
16 18
16 27
16 17
16 26
16 21
16 30
16 39
16 20
16 24
16 33
16 19
16 28
38 41
13 36
13 22
13 40
13 17
13 30
13 34
13 20
13 29
13 38
13 19
13 28
13 18
35 41
35 39
25 33
25 37
25 31
25 30
25 39
33 41
33 39
34 39
34 37
20 34
20 24
20 33
20 32
20 41
20 27
20 22
20 21
20 25
31 33
31 36
31 40
1 38
1 15
1 33
1 10
1 19
1 28
1 5
1 14
1 32
1 9
1 13
1 27
1 31
1 8
1 17
1 35
1 12
1 21
1 39
1 7
1 11
1 20
1 6
37 41
4 34
4 11
4 20
4 38
4 6
4 24
4 10
4 19
4 5
4 9
4 18
4 36
4 13
4 22
4 8
4 17
4 12
4 21
4 7
4 16
