0 1
0 2
0 3
0 4
0 5
1 6
1 7
1 8
1 9
1 10
2 6
2 7
2 8
2 9
2 10
3 6
3 7
3 8
3 9
3 10
4 6
4 7
4 8
4 9
4 10
5 6
5 7
5 8
5 9
5 10
6 11
6 12
6 13
6 14
6 15
7 11
7 12
7 13
7 14
7 15
8 11
8 12
8 13
8 14
8 15
9 11
9 12
9 13
9 14
9 15
10 11
10 12
10 13
10 14
10 15
11 16
11 17
11 18
11 19
11 20
12 16
12 17
12 18
12 19
12 20
13 16
13 17
13 18
13 19
13 20
14 16
14 17
14 18
14 19
14 20
15 16
15 17
15 18
15 19
15 20
16 21
16 22
16 23
16 24
16 25
17 21
17 22
17 23
17 24
17 25
18 21
18 22
18 23
18 24
18 25
19 21
19 22
19 23
19 24
19 25
20 21
20 22
20 23
20 24
20 25
21 26
22 26
23 26
24 26
25 26
